58.24014	172.75352
68.20029	149.81604
49.44806	185.36737
37.53887	-25.98889
64.78343	44.09458
74.48623	101.26887
75.06845	100.52183
75.12813	100.49097
44.29150	191.53768
36.61670	-29.46363
48.93979	-3.93090
71.14800	64.54316
8.27068	-75.06651
73.36688	76.40435
72.40773	64.89265
77.70707	99.47864
48.85941	-7.98076
51.09663	-3.40956
51.66930	186.56277
31.39917	201.56717
77.06470	76.83931
77.06620	76.84071
31.43600	201.58428
79.70060	113.47401
74.49273	148.20252
77.22267	137.78370
78.75790	85.81029
58.30677	180.02152
78.70502	133.41239
55.78216	2.91980
32.00382	-42.48043
78.22764	74.15163
28.90492	203.18352
82.03954	107.93202
74.29311	50.08381
75.51651	54.46552
41.53916	196.34249
83.43115	102.89293
56.82004	183.82352
58.44564	182.16064
60.06723	180.34918
71.69464	37.34450
83.58616	118.63981
80.59966	71.80565
81.48931	73.80868
68.64820	25.88160
68.65927	25.86051
65.93177	17.27908
65.92920	17.27163
55.43507	-6.02092
58.34420	183.53898
58.31659	183.60448
58.43265	183.55535
36.79598	-38.92042
58.37712	183.62567
58.54882	183.46559
58.48015	183.54311
63.49032	10.40600
58.51565	183.58531
58.65320	183.48499
69.01281	23.46443
58.63299	183.53293
77.57709	48.37452
73.27432	34.58857
84.23900	71.21058
84.26303	71.22468
84.99854	135.84556
60.26273	183.07311
72.88760	167.69854
89.81351	108.21564
83.86804	56.65364
83.86722	56.65031
85.45506	142.84427
35.34959	-44.98556
77.04371	32.67503
91.61921	105.18044
69.44897	175.00660
88.14659	67.93434
88.14733	67.93320
67.91103	177.34994
67.90442	177.35802
92.15955	94.99420
87.50465	141.24717
92.33632	93.24214
88.37017	65.79425
62.69247	-3.06091
37.03606	-44.07416
90.80784	75.87427
43.86122	197.59689
25.57675	-59.19493
93.24137	88.17549
93.24255	88.17838
93.03647	85.98226
91.54246	130.73474
90.01386	65.83541
94.42215	112.61609
90.21821	138.54407
58.60509	-13.17444
74.11845	171.66409
88.52835	144.81051
80.09524	163.24332
61.65609	185.75203
68.07414	1.98029
96.06836	93.91840
36.97776	-46.72732
62.02203	-10.24551
58.82040	188.55249
78.11800	20.08559
93.52000	61.92547
93.52269	61.92284
88.84647	44.17609
90.47250	48.89321
60.86019	-15.28983
84.34978	160.90966
84.35544	160.90761
99.04872	89.34079
99.58518	100.18524
62.74801	-13.16652
95.16561	59.20807
69.08594	181.68848
100.93278	115.43947
100.97493	115.46231
61.41027	188.32545
61.41558	188.32870
97.07851	62.94682
97.21630	62.88019
97.28845	62.98461
97.76749	62.46572
97.76772	62.45999
97.76999	62.44111
97.77027	62.41790
100.93765	122.37325
102.11141	115.74981
102.11209	115.74781
99.12957	64.90489
89.15555	32.61259
65.59577	185.82858
88.98956	30.83995
63.33268	187.77146
104.52720	91.93490
80.51063	171.93534
94.13095	150.93738
104.89384	92.05180
104.53086	112.90314
68.04946	-12.51333
94.48004	39.49373
71.95375	-7.32001
64.18020	-19.29927
106.49186	93.23013
104.97134	124.25703
105.03070	124.16280
93.60108	31.92706
63.01153	189.35311
82.68837	8.40596
104.20238	65.14290
107.65652	87.51971
107.67947	87.56449
107.68071	87.53776
107.71001	87.61829
76.93774	-2.36148
76.13113	178.69354
54.46697	194.96996
54.48213	194.98795
54.48661	194.98760
54.48946	195.00203
66.20841	187.30266
106.62082	122.47098
86.32886	167.94140
96.34228	35.07289
33.33861	-58.25747
95.27796	155.20005
95.32121	155.17146
109.42832	89.40530
102.09537	141.09950
109.95436	90.62952
109.95663	90.62839
97.45704	152.86305
105.85102	57.50299
100.12454	38.05360
64.22127	-25.47451
93.05423	20.71343
110.52014	74.42136
110.52106	74.41177
110.52372	74.41074
2.18334	212.24400
101.71869	147.12161
107.24042	56.85884
88.97216	11.25946
109.23955	65.08379
95.47054	23.98756
111.49744	75.51554
110.98007	121.21249
35.61986	-58.01941
99.05701	29.87796
110.79746	65.77853
108.85452	56.69824
43.46099	-51.06837
113.58131	81.20713
111.47408	66.73291
77.76718	-10.22184
107.45902	49.89052
78.08111	180.12675
82.45312	176.16377
91.81531	10.49838
91.81950	10.49649
111.08885	57.10949
110.54538	54.58440
59.44627	193.98917
110.67946	54.57730
110.68345	54.56855
110.68381	54.44263
75.13898	-16.65470
116.22366	107.46933
113.98964	121.63919
116.90598	94.15201
74.78035	-17.73564
115.62859	74.55897
102.87193	30.19197
47.18677	-49.24091
116.34872	113.04809
118.16664	102.01856
117.96636	106.83900
92.90566	7.31064
115.56909	63.62128
115.70017	63.72626
118.56143	105.03189
116.54482	67.85249
109.65793	41.99994
110.03194	42.17281
110.04445	42.16535
47.19753	-50.78622
102.50522	23.33504
71.86677	-25.03758
118.31864	115.01073
118.38648	114.93702
82.44298	-11.54531
115.01952	54.75784
82.54296	-11.58935
118.93483	70.15928
115.62582	128.95869
121.41823	94.97089
121.42674	94.97870
121.42731	94.98198
121.43505	94.98897
119.98214	113.35824
107.85795	148.37106
120.26465	72.11126
97.04077	8.13862
119.20880	119.00239
118.27402	55.77419
111.09748	33.88003
123.10854	79.58043
95.55659	2.44696
95.43711	168.00148
106.51432	21.12910
121.76600	119.55612
116.85629	39.86986
126.39485	92.40607
105.44196	157.91957
124.41627	61.29212
123.09877	122.89532
95.63219	-4.50742
95.65579	-4.49379
95.68501	-4.48304
115.98348	32.12950
95.90311	-5.18196
128.82590	92.76486
91.98245	-11.38809
70.05018	190.87692
125.86010	54.89129
120.07422	136.75376
82.55683	-24.43430
127.31223	58.37893
88.98946	-17.52356
129.88757	105.26111
129.90522	105.24769
129.92305	105.23742
128.85588	111.56698
60.55719	196.44206
117.21205	26.63181
114.50702	19.86148
123.91622	131.49368
132.43033	90.07051
96.81713	-9.72855
124.88038	129.51384
121.63597	137.18038
131.71724	105.49018
133.09448	82.71361
118.08508	23.65179
124.79611	131.06447
25.75269	-72.95956
80.09913	-31.26938
132.30806	107.27246
132.24893	62.38692
134.07858	74.77911
113.97748	12.64916
126.11141	130.41458
89.93148	178.63740
90.03957	178.60365
59.90705	197.38810
90.14031	178.58286
90.23398	178.55776
134.20957	103.85849
95.24738	174.43982
132.49551	57.34682
134.26259	103.85442
43.75605	203.94454
98.46496	172.03986
132.50103	116.61396
134.76154	62.12261
121.54582	21.81832
136.51050	73.60148
70.45424	-43.46648
137.44756	85.29499
139.15326	81.27048
121.57471	16.12360
121.58649	16.11019
121.59497	16.09896
76.61831	-40.53915
139.12579	97.86426
138.30224	62.02935
67.28224	194.74268
118.80491	8.92345
109.61984	-5.67571
94.28131	-24.48890
103.09030	169.94308
139.93962	61.30530
132.84042	34.79059
132.84122	34.79119
137.48244	113.93169
134.92612	122.65070
139.30303	54.93888
139.32407	54.90751
132.38496	129.45284
17.74220	210.65077
17.87073	210.63113
132.46194	129.45069
17.76934	210.64964
116.61772	155.86770
132.72916	129.23415
132.79211	129.20413
135.67150	122.39081
106.55388	-13.21191
37.12213	-69.94625
142.36415	95.12366
139.64551	51.05146
57.50089	199.73822
113.36501	-5.23635
135.39734	35.79619
102.77343	171.35232
102.64535	171.47528
102.56508	171.56308
102.63513	171.53927
102.73661	171.44883
140.62822	109.01527
102.60524	171.79319
120.93959	4.29322
104.38254	-18.16235
89.89125	182.31283
55.09464	200.94617
38.93520	206.30410
38.93299	206.30561
91.98474	-33.13234
145.13435	61.44365
46.27950	-66.51995
143.34123	107.32386
143.34536	107.31096
133.28690	20.99356
112.46986	163.56142
115.52670	-8.52383
145.55009	100.31065
136.40145	25.25987
146.94545	94.44949
139.63890	122.55774
96.09327	-31.98618
121.40591	-3.74877
98.93446	176.81803
148.02937	92.92981
113.18224	163.92434
146.68330	52.15860
148.78076	65.72262
117.57795	-10.71572
147.04461	48.25653
134.64515	14.94240
134.64686	14.93962
147.03391	48.13966
147.04585	48.17673
77.93404	191.15968
113.52652	164.45162
148.59761	52.36279
90.55376	-39.97598
142.23532	29.95397
142.23643	29.95440
132.03808	141.76651
75.24470	-52.08774
144.84768	116.06278
86.22282	-44.92162
106.85424	171.59850
67.64521	-58.09273
143.52483	123.31215
147.21643	114.54236
139.46514	132.49059
149.42760	38.91074
139.52796	132.47670
144.17456	123.21986
46.15070	-70.70383
151.12805	43.01050
38.75560	-74.01240
121.26286	-17.38974
153.32227	43.33409
151.90335	37.21277
151.71517	35.74876
151.71386	35.74404
39.57274	207.08275
137.64950	140.01795
155.14063	100.47153
149.02088	20.75806
158.47993	55.65760
158.47997	55.65768
146.80858	124.80266
143.88714	130.58479
56.94183	-68.41545
129.17117	152.61656
157.15939	96.06524
142.77163	133.12333
104.28961	-39.20789
138.23359	-2.89721
154.12476	27.14215
127.36981	155.76844
161.20381	54.33598
161.20579	54.33300
152.01770	117.45333
150.08509	122.00711
162.58043	73.24908
156.43773	107.54824
136.46522	-10.19230
153.33552	117.33855
160.33550	36.81247
150.02999	9.43342
45.35715	-75.59376
92.49074	-53.15626
91.95834	-54.02113
97.77284	182.75418
156.22284	112.71528
156.17989	112.83657
164.31729	49.08747
157.17401	111.36663
157.18161	111.35850
155.75071	115.41685
90.65935	-56.18085
117.12196	-36.88740
155.07788	117.58515
163.68440	38.54138
165.93048	50.64237
104.88423	-47.29383
160.00440	23.33600
3.70458	-85.48777
28.72113	-81.39907
72.63221	-66.76305
152.53251	4.84117
159.43643	110.39660
137.76237	147.94785
165.43798	35.56205
137.82279	147.97951
158.98485	15.03436
159.01320	15.01696
159.04385	14.99546
119.83986	-38.42704
119.84467	-38.42340
162.55919	103.88063
162.55854	103.88680
142.46258	142.49474
169.23883	72.14096
138.00494	-20.97435
87.26999	190.16002
161.75707	106.98618
52.20281	-76.37845
103.12195	-53.61784
101.11847	-54.96533
157.35057	4.53426
157.34103	4.51347
157.34388	4.51231
164.82209	101.16293
78.09821	195.05284
152.81580	-3.96724
91.63997	188.13730
91.70768	188.11690
168.87432	33.33898
155.47740	124.21021
144.40691	141.70458
170.33396	81.07153
99.14413	-57.36102
150.56596	133.07011
109.88987	-51.11349
110.06355	-51.14361
158.11774	0.80335
171.76029	79.27486
133.23190	-33.05170
166.82265	19.17069
107.44908	-54.38524
165.49402	12.32366
112.63709	-53.00812
112.63780	-53.04443
104.61499	181.13712
148.84604	-19.92352
124.09144	-45.73580
174.11750	80.81165
174.12446	80.79459
167.96533	11.06524
167.95960	11.04303
167.95487	11.02456
124.52223	-46.89521
145.07989	-27.58766
145.05856	-27.61874
145.04298	-27.64873
124.57673	-46.92822
124.59800	-46.94426
124.63240	-46.96679
138.89637	152.12014
177.42746	58.93754
154.94382	-15.76248
154.94814	-15.77612
86.01107	192.57237
129.53094	162.29285
129.52904	162.29617
87.17026	-70.26045
49.72875	-81.70504
177.84824	37.81345
173.95073	16.26900
173.98572	16.32093
174.01542	16.33955
176.64549	25.90226
134.56552	158.01308
157.41964	129.35092
109.05428	-61.21127
144.02047	-34.60516
178.01364	78.60025
165.75924	-5.61090
181.16987	52.92125
157.90491	129.73970
77.59910	196.97288
157.89938	129.75779
157.94682	129.69064
158.17603	129.48272
111.02727	-61.89178
166.03300	115.87797
158.75350	128.82881
179.21049	26.61518
149.23850	-32.51151
177.43097	86.84870
173.03967	100.96170
106.82415	-65.48431
170.31508	-2.56627
170.31229	-2.63511
170.31506	-2.72611
170.31939	-2.77104
150.92417	-32.14608
125.86344	-54.47680
173.10721	101.73316
173.13223	101.68257
173.14845	101.65223
51.91398	-83.70442
31.97954	-86.05920
180.60062	76.80261
142.47622	-41.67059
178.03295	87.92327
68.38449	200.99248
160.78723	127.49511
160.77657	127.55614
160.71093	127.68409
160.72517	127.66838
174.45440	2.46928
181.63450	25.80328
166.29259	-14.78398
183.95830	40.45164
72.23404	-80.51117
114.46628	-64.00454
78.75170	197.03022
178.40644	10.29752
178.40452	10.26606
178.40579	10.23164
180.74502	17.05699
182.96856	71.97979
173.77126	-2.71987
166.45690	119.01274
123.69002	-59.51193
138.41526	-49.33063
141.86282	-46.71744
170.48260	112.38602
159.22922	131.90668
181.75184	82.19246
181.76753	82.21330
181.77255	82.19951
167.20618	118.99253
181.80941	82.19142
165.00824	-22.10721
171.57285	110.64636
104.64934	-71.73651
74.45189	-81.94452
182.89364	16.37236
184.35557	22.92048
186.76602	42.98395
161.93226	-28.01016
58.91494	-85.21245
71.38921	200.41268
182.65482	12.45950
182.75700	82.27121
129.81022	-59.21652
159.18188	133.16809
167.79004	-21.48346
180.75812	89.84818
115.75358	-68.10332
170.12917	-18.22307
185.76299	69.91128
179.92034	92.81093
36.86236	-87.77591
171.97496	-15.29267
186.90530	30.18038
175.38594	104.73559
173.76754	108.40860
170.38400	-18.58114
177.07881	101.09237
178.92481	-2.38538
175.39777	-10.82915
129.21464	-61.69031
152.01374	-43.68284
179.61163	-2.63105
186.33382	18.79293
108.45196	-73.65994
156.02904	138.87892
188.19045	28.13466
76.65335	-84.01308
76.65211	-84.01612
111.19633	-72.85439
60.53925	-87.06647
188.44700	24.38069
172.14456	-20.99344
182.99369	89.24975
176.50508	105.92722
174.96312	109.31445
123.61303	-68.11028
189.52324	27.08573
177.18831	-13.69609
167.87747	-29.71526
152.12843	-47.98659
152.44397	-47.74128
91.60773	192.33342
176.67011	-16.54159
137.83254	160.22385
187.87616	11.72338
191.60822	47.62947
53.11415	-89.23821
181.68889	95.71504
185.49869	84.53928
123.75231	-70.19205
175.00458	111.29699
174.03090	113.32904
190.56677	19.01290
97.32682	-82.24132
187.13479	3.54897
171.12470	119.12398
116.66285	-75.46845
173.86878	-27.08993
171.85015	-30.67943
140.43825	158.75578
178.25940	106.65068
64.59446	-89.89946
127.01880	-71.73910
127.00219	-71.75954
126.99276	-71.77152
176.00907	-25.80082
183.91025	93.72071
187.10945	84.46181
189.33570	77.61571
172.54600	118.44784
192.45811	63.76267
188.68922	0.10896
193.69233	55.19908
138.09808	-66.67171
194.88082	38.71679
184.42016	-12.73901
194.74274	47.62419
183.69198	96.32957
186.02144	-9.65335
183.74276	96.24276
193.87266	58.38650
187.59298	85.82516
18.80128	-89.50608
193.91927	62.91533
170.85698	122.87467
170.85305	122.90825
170.83448	122.95119
126.96998	-75.85275
196.04165	45.57194
154.32650	145.67847
123.16612	-78.60258
140.75918	-69.00723
173.37368	-38.36502
91.22973	-89.26638
138.21608	-71.01122
138.20272	-71.04627
195.67629	16.35764
195.76343	57.16605
135.60901	-73.03188
195.23713	61.20387
123.03979	-80.10742
195.12896	63.56706
181.77264	-27.49192
177.28530	-35.72051
194.34985	69.30123
171.17625	-45.07653
182.16579	-29.62023
182.94583	103.41114
197.67601	52.07766
194.23773	71.59642
198.03834	20.24865
176.97924	-38.78168
196.26410	64.17434
196.28136	64.10240
196.29236	64.06180
196.30034	64.02271
158.46988	-60.81943
137.20319	164.38230
124.92699	-82.52358
59.75097	-95.43292
178.74250	-39.32525
198.93038	51.22917
198.31652	55.99459
56.45540	-95.61900
105.67853	-90.25244
200.42685	32.08736
198.46001	8.28905
155.20111	-66.69966
200.66125	28.68198
200.66466	28.66232
198.16199	60.96444
137.63735	-78.89078
162.86456	-60.48498
199.69751	53.30204
85.65879	-95.79133
196.33509	70.98780
199.21856	57.76074
121.39727	-87.52850
121.44858	-87.53500
201.06210	20.18716
176.01763	-47.77989
201.55462	33.88798
176.02176	-47.80335
152.53546	-71.66965
201.23104	17.37006
199.54727	58.60466
199.54775	58.60489
200.74613	11.75789
200.75080	11.67467
201.55729	44.43318
189.30232	-28.03834
202.28830	35.05636
201.82676	18.20005
191.06167	90.08897
69.05631	-98.41873
180.72624	112.85670
202.43910	18.78088
90.35871	-97.57936
199.92314	60.83202
192.21619	88.45001
195.74339	-16.37163
139.21352	-83.37883
164.92902	-65.07773
194.06764	-21.88579
154.80023	-73.87609
203.30404	37.70700
203.35746	37.85081
190.16529	94.41107
108.80010	-95.42702
128.77347	-89.10162
115.87259	-93.76815
40.81887	-97.10027
203.59811	17.57716
115.96282	-94.55479
89.37512	-99.63783
204.27214	26.36668
180.44589	114.96539
201.49440	-1.52138
187.74368	-39.03656
204.44519	33.27904
204.45083	33.29064
200.48055	64.43881
153.50292	-77.65985
197.69420	75.38033
204.50692	38.65758
200.89625	-6.90525
204.77295	18.67990
202.29509	-1.13418
195.25816	-25.14996
203.22296	3.77787
130.30602	-91.67781
193.42419	-31.16949
184.39141	-48.09053
185.85890	-46.62420
180.91422	-54.17984
201.88090	-8.62352
201.87122	-8.75689
202.12216	-7.84451
201.90864	-8.83153
201.61921	-10.17261
202.15369	-8.07788
201.96903	-9.07589
169.53087	-67.91216
201.78806	-9.84418
132.37840	-92.61681
201.77441	-10.00356
201.62434	-10.61868
201.74713	-10.22441
201.71447	-10.43914
202.17320	-8.59366
165.55540	-71.86906
201.78549	-10.24560
201.93309	-9.73990
165.58510	-71.93200
165.66788	-71.86007
201.74539	-10.58518
202.04979	-9.38299
205.32309	9.20066
202.09927	-9.33088
202.08216	-9.40438
201.89520	-10.18719
201.95492	-10.03256
202.10804	-9.45183
202.08684	-9.55066
111.47742	185.49228
199.94512	-17.37858
202.00549	-9.98223
56.99568	-101.79099
202.25566	-9.03156
189.33022	-42.37250
202.12462	-9.68481
202.37742	-8.78015
202.24414	-9.46563
201.96508	-10.67691
202.27095	-9.51580
165.65011	-72.40502
165.62093	-72.44600
201.93947	-10.97531
201.90772	-11.21905
165.84760	-72.37173
153.97780	-81.74375
201.96988	-11.09253
202.41001	-9.42487
202.29293	-10.13877
202.31685	-10.08006
202.28043	-10.23927
202.30036	-10.25309
165.58657	-72.96270
206.55324	21.31371
80.42817	-103.63345
165.76135	-73.08650
165.69528	-73.22654
165.43629	-73.50062
205.49589	4.00123
206.76598	33.18378
206.22242	40.99158
197.00505	-28.81508
151.48314	-84.98967
41.07343	-99.78121
91.50253	-104.11323
174.97123	-65.96288
198.52661	-27.28008
207.08809	37.94546
169.70173	-72.01992
207.09971	37.93359
169.93900	-71.87455
206.98014	9.29787
204.28140	-8.27069
164.59913	-77.01173
171.10147	-71.01008
171.04221	-71.08130
171.06432	-71.08437
171.02557	-71.16349
171.11071	-71.08823
171.04618	-71.15541
194.08841	91.60481
188.99095	103.07818
129.92833	-97.94853
207.18282	6.47869
200.07787	-25.42768
187.38340	-51.93800
142.66987	-94.01660
137.33191	168.42259
200.20166	-28.74600
89.32126	-107.34956
112.16754	-105.24616
207.15526	-3.27999
96.35813	-107.66746
183.97352	-60.84284
114.19366	-105.86138
208.64380	3.20835
198.08097	-37.23108
154.99177	-89.69202
208.85416	39.50337
207.84157	-3.83407
209.86692	11.83719
184.95654	-62.01916
201.62784	-30.14657
171.57874	-77.73135
208.26347	48.84305
192.74549	-51.19494
166.03484	-83.81554
111.91522	-108.61624
210.23668	33.39863
194.82358	-48.64139
118.36561	-108.12944
201.33998	-36.09803
198.23405	-43.68908
191.26256	-57.37971
99.06431	-112.41717
143.03320	164.99322
47.24684	-106.13847
19.03675	-95.67703
147.76333	-100.01008
106.45655	-112.30044
204.67489	-29.93710
111.17701	-112.16596
202.86039	-35.71576
205.43253	67.64532
104.20212	-113.64353
201.79978	-39.95721
133.72873	172.87495
133.23213	-107.97470
210.84338	-7.60438
159.56130	-95.32161
155.41635	-98.16385
204.39029	-34.73282
172.39984	-85.38590
198.23534	-49.81752
196.78322	-52.74965
44.33766	-106.58314
199.39535	87.28098
203.07985	-39.19694
141.49719	-106.31893
27.92620	-100.52172
88.50662	199.05510
199.77866	-49.32424
199.75105	-49.57836
78.85984	-115.93800
121.57483	-114.51694
209.25107	-22.76572
154.06806	155.95833
12.93992	-93.60806
98.09676	195.09779
98.12821	195.08777
102.45985	-118.22461
205.56204	-37.72973
99.06019	-118.69951
183.22891	120.36305
75.44011	-117.03394
188.14089	-72.80231
56.52608	209.33103
192.77003	-66.33256
195.49017	-61.86442
128.95721	-115.59489
97.26039	-119.69431
97.24700	-119.71791
97.24440	-119.72197
97.24048	-119.73866
120.26212	-118.01703
212.33580	-15.44683
81.84114	-119.01433
193.94118	-66.06962
67.21239	-116.58073
176.90367	-88.36812
204.81529	-44.38720
214.19692	-6.68329
214.89939	30.00847
214.58167	-5.40832
214.43766	35.70975
171.23571	-95.69452
193.65053	-68.98434
203.64272	81.04441
64.43133	-117.34533
135.22578	-117.03901
62.74719	-117.03841
210.03847	-31.43588
98.71737	-122.68481
98.69825	-122.71191
155.86676	-107.91398
98.68677	-122.73871
168.99916	-99.09751
125.81418	-120.67511
215.80640	-1.14364
197.25244	97.24816
64.82335	207.82960
208.42275	-40.29615
200.10707	-60.79341
200.10986	-60.79014
185.09178	-84.80332
194.85304	-71.05201
180.96070	-90.19604
177.82021	-93.57745
179.57890	-92.32896
169.80833	-101.76844
199.74782	-63.48953
199.56941	-64.02713
24.39861	-102.45245
187.12580	-84.21891
173.31965	-99.46924
124.54915	-124.79528
124.63101	-124.78192
124.50159	-124.81391
124.25049	-124.87033
184.90855	-87.35710
24.83799	213.75483
131.06590	-124.29896
19.07331	-99.62909
80.89618	203.38308
185.66498	-87.92181
109.61184	-128.28320
109.60723	-128.28458
181.70914	-93.71484
205.31361	-56.37652
205.31016	-56.38858
176.75116	-99.95222
158.60744	154.29697
78.48421	-127.35151
174.55337	-102.64548
213.50445	-32.66898
172.47712	-104.96109
172.48549	-104.96240
201.89856	-65.25478
162.14698	-113.25580
130.43371	-127.98796
54.78054	210.72911
159.33331	153.77100
84.28354	-130.11116
84.26038	-130.10785
84.23310	-130.10964
125.74432	-130.41714
155.77634	-118.87566
189.21189	-88.10870
173.36875	-106.05559
148.72117	164.09632
127.13009	-131.08939
213.87140	56.04858
197.73854	-76.41510
47.42788	-118.64898
53.47844	-121.79059
202.71283	-67.62887
154.21704	159.38186
102.10834	195.37266
132.05457	-132.11408
187.27798	119.55012
187.27398	119.55653
129.53678	-133.57356
129.46016	-133.60277
187.37128	-94.64084
95.57468	-135.89090
161.48179	-119.94311
37.36884	-114.76574
109.23959	-137.34263
109.21245	-137.36837
109.19856	-137.38311
172.97352	-111.47389
187.14087	120.49006
187.15154	120.47568
97.03825	198.18339
202.28618	-72.96240
205.77915	-65.83090
205.79625	-65.79794
205.81523	-65.76324
66.86954	-130.85027
220.60542	0.83144
220.61035	0.80334
216.99497	46.87613
103.80225	195.11664
152.72464	-128.01719
133.11815	-136.67064
129.10784	-138.12011
73.59784	-134.82908
108.06879	-141.14134
219.93075	30.22256
213.49437	63.07576
151.64138	-130.66301
206.01654	-68.76012
121.30873	-141.57475
84.09835	-139.40429
66.52382	209.15473
66.51283	209.15774
143.61326	-135.92244
170.64025	-118.83627
212.41487	67.88816
110.27474	-143.76605
174.73622	-116.24997
174.73328	-116.26010
99.92857	197.56361
219.72456	36.77715
180.46264	-110.81254
219.82452	-23.66017
217.07542	51.46155
217.08279	51.43916
71.82377	208.05184
143.28127	-138.76119
191.95575	114.77547
80.49379	-142.12217
80.47431	-142.14524
99.86312	-146.14717
177.61892	-115.53416
120.91042	-146.40460
48.90576	-128.80898
82.76984	-144.58883
82.76461	-144.60092
143.73182	-141.22260
52.41008	-131.36201
121.55994	-147.77589
121.55242	-147.78434
108.71468	-149.14497
186.23356	-108.17450
171.49863	-124.23973
177.06043	-118.87089
178.70283	-117.33523
124.21781	-149.17285
174.76468	-121.55857
222.86328	-6.65217
222.87278	-6.49662
140.98133	-144.66495
165.58986	-129.96763
137.89188	-146.47565
137.86926	-146.48436
137.90690	-146.47487
173.71819	-123.78360
101.67287	197.64713
196.61563	-94.99627
167.80952	-129.29663
75.13207	-146.16733
105.03960	-153.22403
117.32877	-152.99326
173.87582	-124.62226
91.26773	-151.82652
50.05029	-133.80141
95.53459	-152.82708
97.52583	-153.34109
142.19288	-148.03861
126.68155	-153.76341
103.52760	-156.22977
214.28359	-58.98167
219.45701	-40.33371
69.02598	-147.96262
175.53530	-125.92744
80.85487	-153.10281
130.73164	-154.56026
121.91474	-156.86477
27.41220	215.44763
137.78588	-152.46796
81.88135	206.24821
70.80170	-149.96635
202.00616	99.39764
208.69800	-75.96001
198.21217	-96.99825
100.22811	-159.64331
31.82650	215.55253
31.85631	215.56253
26.81173	-118.69862
187.73919	-113.58006
221.64403	-32.99937
118.26101	-160.28857
134.59178	-156.45939
152.31596	-147.84062
208.53464	-77.89972
94.41394	-161.65623
93.72944	-161.64441
176.44022	140.10638
175.84326	140.92559
175.25740	141.68249
53.58367	-144.87249
55.46401	-146.24321
174.97423	142.08164
205.88752	-85.23884
153.96567	-148.94836
21.99133	215.73086
91.38082	-163.43058
62.06107	-151.53359
77.58800	-159.58886
79.60011	-160.73259
126.93781	-164.17940
142.87407	-158.17140
100.17518	-168.04269
219.87932	-47.88675
219.34714	-50.52363
149.65655	-155.96005
208.43000	88.17755
208.42907	88.18003
112.19879	194.48440
86.43442	-168.97999
99.01157	-171.14893
195.19185	-108.90207
137.04145	-164.34199
125.67650	186.79604
174.63905	-136.04030
174.56192	-136.14055
112.70260	-172.31155
174.51433	-136.20411
112.68999	-172.32020
61.55114	-160.65829
83.66656	-171.37844
98.27691	-174.38668
210.02711	85.24364
93.47615	-174.29051
93.47852	-174.29282
93.48431	-174.30373
93.48920	-174.31455
93.48921	-174.31760
53.41730	-156.08939
53.37761	-156.11932
53.34764	-156.14481
226.18400	-10.27586
98.62497	-176.63855
223.08164	-38.07294
198.88456	-104.72518
217.61953	64.26755
224.54346	32.62033
134.22157	-169.74338
134.22114	-169.74549
109.60964	-177.88902
211.71707	-78.53980
100.32280	-178.64478
54.18002	-161.23303
158.64211	-154.62206
226.08443	-18.39767
191.30516	122.24801
191.30723	122.24499
141.91078	-167.68647
50.99367	-161.75639
50.99723	-161.76721
80.19320	-179.15782
57.71295	-167.62043
57.62593	-167.63624
57.17347	215.22245
222.41389	46.67762
222.41589	46.66841
57.49471	-167.65609
139.64403	-169.38836
110.58911	-181.35421
200.47027	106.97688
151.69048	-161.80088
226.61801	-15.28669
32.24389	-142.83433
42.07944	-155.13908
160.96711	159.86852
217.53143	-64.08434
56.93829	-169.94570
217.55131	-64.12316
43.31340	217.34797
101.82487	-184.36969
48.92132	-163.68366
65.46128	-177.27234
172.96029	-143.28501
172.95588	-143.29005
45.78299	-162.04954
51.37219	-167.80602
106.26919	-185.90930
106.26390	-185.91235
146.98325	-167.18503
208.16872	-90.06788
182.07660	-133.32902
98.06735	-187.92878
129.44632	-178.53049
212.45198	81.88349
110.42141	-186.44809
198.97003	110.59025
110.50174	-186.44065
122.07024	-182.89763
122.06732	-182.90148
156.41592	164.84317
114.62036	-185.89236
44.15530	217.97891
83.52072	-189.75682
58.70258	-180.43594
58.76427	-180.92740
77.83460	211.29491
77.81450	211.30234
227.82711	3.68386
130.68714	185.59704
202.37936	104.75959
65.45335	-187.13017
65.40189	-187.14955
105.11341	-191.13447
47.47657	218.12904
9.27458	-110.44124
116.74859	-187.71542
222.77320	-48.06512
5.34950	-101.03520
39.69732	-169.62569
45.89979	-177.75476
42.18864	-174.36365
161.80731	160.39848
161.79583	160.41008
161.78685	160.41940
158.30843	-161.64964
20.13672	-139.34868
20.63353	218.77913
81.34605	-197.82499
45.56326	-184.51973
89.86232	-199.81338
89.86241	-199.81336
62.44795	-197.08177
50.69051	-190.12561
88.13517	-200.78114
111.43025	198.18602
111.43624	198.18307
101.94549	-197.57690
111.35006	198.23967
56.69298	-195.65948
58.48514	-198.48491
155.37781	-165.68685
155.36503	-165.69963
155.34496	-165.71903
42.30050	-186.58820
121.97064	-189.63435
121.97118	-189.63433
82.34343	-203.43401
82.34035	-203.43507
22.37071	-154.49595
24.52742	-159.62375
41.40702	-187.37572
34.07186	-178.71021
88.30203	-203.47738
88.29383	-203.47996
121.47008	-190.50810
121.45316	-190.51808
34.82832	-181.29164
43.27687	-192.52883
51.17254	-199.28468
224.94962	40.99564
25.27375	-166.80918
215.60000	-75.84568
215.59269	-75.86697
14.58056	-140.38743
75.11860	-207.97389
75.11352	-207.97499
8.90240	-123.23671
202.49776	-105.96904
24.77500	-171.06073
161.36247	-161.27315
161.34566	-161.29012
50.01074	-205.39435
213.61643	-81.65067
13.01032	-142.21844
9.62116	-130.92654
154.17179	-168.26902
65.03111	-211.26499
44.01410	-204.99115
63.18467	-212.38664
63.17474	-212.38997
68.85681	216.91679
152.10762	-170.45825
20.97184	-176.96021
68.48586	217.04990
49.43998	-212.67336
11.30313	-145.13379
29.84496	-197.73694
64.81212	-214.50974
53.27628	-215.54840
223.18561	-51.14928
228.84599	-8.12152
228.84656	-8.10730
228.86392	-7.62378
228.86882	-7.48417
228.89446	-6.68823
228.89363	-6.71673
20.03484	-183.66045
42.21026	222.79115
24.62885	-196.17408
14.11691	-166.77448
106.50543	202.28063
25.51753	-200.87731
9.60073	-149.86544
28.32611	224.40361
117.12639	-196.35064
2.16395	-105.71278
27.38874	-214.07240
23.70290	-210.91538
77.01202	-214.83517
77.00441	-214.83804
38.43028	224.40322
38.41997	224.40495
5.07764	219.60716
13.04005	-191.34186
19.92107	-216.16261
84.50267	-212.61116
9.31792	-182.31462
7.18541	-181.37140
7.12908	-181.38318
1.58456	217.16699
37.23945	-225.22081
37.20142	-225.22646
36.93751	-225.26481
36.66678	-225.30389
45.68251	-224.22168
45.65632	-224.22810
10.26933	-219.97738
10.15123	-219.95537
10.03942	-219.93275
6.48068	-212.92506
6.47808	-212.92545
5.17823	-204.45915
5.97718	-210.81290
0.62039	-110.51574
4.75027	-203.84409
5.90524	-217.73924
5.90200	-217.73900
5.27699	-221.77865
0.51580	-216.31446
0.37116	-216.31765
0.31843	-216.31654
0.19986	-216.31745
-7.50947	-228.81110
-1.37772	225.60956
-0.79058	222.73954
-1.08025	222.73537
-1.46290	-186.34834
-1.46901	-186.35351
-3.86994	-220.45210
-3.87001	-220.45211
-12.45538	-227.36537
-5.08991	-210.87729
-9.70945	-224.89900
-11.82034	-226.19405
-3.64899	222.04767
-13.52377	-221.81178
-13.52692	-221.81183
-6.66076	224.20010
-22.09539	-224.32490
-33.02910	225.99439
-7.22573	-181.55336
-14.08155	-213.03436
-36.50117	-224.58975
-36.44069	-224.59217
-12.94343	-209.19427
-27.92789	-222.60345
-21.87724	-219.17077
-21.88494	-219.16938
-16.93288	-209.86610
-39.80321	-223.01299
-39.81334	-223.01112
-39.82424	-223.00912
-39.96650	-222.98447
-40.10936	-222.96017
-40.15365	-222.95245
-6.99770	-160.93137
-30.86418	-221.02179
-55.66515	-220.43298
-14.20984	-189.48636
-14.28580	-189.62027
-9.63054	-164.71050
-73.01947	-215.99941
-210.47000	-90.39367
-210.55286	-90.20045
-210.60366	-90.08172
-32.89800	-217.01530
-34.28538	-217.43795
-43.07100	223.49049
-29.85815	-214.14158
-15.19162	-181.08282
-159.65770	-163.97944
-159.76839	-163.87214
-27.90407	-207.26957
-33.44645	-212.81754
-16.92922	222.86032
-226.40232	34.62054
-226.40107	34.62833
-6.22829	-129.55176
-17.34425	-177.12550
-13.97264	221.55720
-60.10962	-216.13253
-60.10790	-216.13234
-166.40339	-156.91759
-147.51243	-174.51459
-7.55974	218.33791
-78.31356	-211.90323
-20.30877	-176.90088
-16.70644	-163.03626
-16.69119	-162.40799
-21.18941	-175.44656
-37.57708	222.43302
-203.34006	105.01434
-203.75405	104.20954
-72.42380	-211.71409
-172.96771	-149.29420
-173.17488	-149.05272
-9.71684	218.54714
-74.16212	215.01234
-45.04805	-204.82383
-74.91117	-209.91174
-228.23670	15.73907
-21.53394	-164.45300
-211.52405	87.06977
-13.95124	219.24034
-53.31127	-203.86714
-64.75081	-206.62419
-205.04272	-100.64136
-28.57847	-171.96683
-24.54062	-163.40770
-97.33961	205.58059
-97.35067	205.57551
-44.90370	-194.27564
-72.08320	-205.61168
-72.36685	-205.50572
-191.84995	124.13874
-191.86917	124.10642
-116.10687	195.94353
-34.38513	-176.80648
-10.04805	-120.31992
-150.78002	-169.50959
-74.15608	-201.10666
-69.60036	-200.09262
-69.60053	-200.09260
-86.09551	-200.32737
-215.07090	-76.13726
-33.91117	219.70687
-147.80373	173.26148
-99.19901	-196.29859
-35.43258	-167.83705
-51.14093	-184.63538
-102.41285	202.29904
-177.32141	-141.69181
-32.36089	-161.26201
-45.13756	-176.23663
-41.71134	-171.93245
-64.71665	-190.62320
-52.60867	-182.64032
-64.74881	-190.60394
-121.72300	-186.16416
-120.09877	-186.74066
-120.09858	-186.73856
-97.22942	204.40609
-42.07532	218.80249
-47.46424	-174.14090
-40.19321	-164.47339
-53.05392	-177.25845
-126.32308	-181.88613
-126.31808	-181.88785
-126.31449	-181.88846
-86.89670	-191.33159
-86.90155	-191.33135
-42.07302	-165.23514
-42.05242	-165.20869
-226.07362	-27.30608
-226.07463	-27.29703
-45.61409	217.75370
-86.06127	-189.02777
-155.03862	166.03124
-74.26148	-186.03427
-30.64528	218.20515
-173.12680	-143.75116
-138.50194	-172.89523
-32.28680	-146.85222
-58.58889	-174.74246
-62.89968	-177.53639
-91.13463	-186.67416
-38.09555	-153.85675
-84.68448	-185.45565
-124.17957	-179.41081
-215.51719	-70.79305
-156.53787	-158.93518
-210.93463	-82.80693
-116.83407	-181.45203
-210.65475	-83.42664
-210.69740	-83.31517
-210.72250	-83.24980
-210.73330	-83.22122
-44.40242	-158.05743
-142.56075	-168.54457
-103.03934	-183.59678
-103.04327	-183.59500
-203.35326	-98.86241
-203.35906	-98.84891
-222.53893	-44.55846
-227.01715	-8.26521
-227.01457	-8.32077
-66.48617	-174.77145
-95.60583	-182.66498
-95.61274	-182.66286
-222.51198	-43.82091
-222.51216	-43.81742
-222.51305	-43.81088
-222.51236	-43.81380
-180.57241	-132.78108
-180.59099	-132.75517
-172.52123	-141.84382
-98.61932	-180.36130
-41.18855	-149.74601
-130.92305	-172.21313
-95.31651	-179.22417
-99.50226	-179.28946
-67.34486	-170.00410
-136.87921	-168.71157
-163.68085	-149.59085
-96.38458	-178.01940
-119.13508	-174.63749
-119.13883	-174.63438
-37.74483	-142.89583
-119.34536	-173.86712
-154.70859	-155.83378
-54.92415	-158.04907
-57.64150	-159.79231
-157.82356	-153.02898
-57.67160	-159.78495
-204.57872	-93.26674
-137.69683	-165.96042
-137.89603	-165.80643
-154.92979	-154.68497
-134.75540	-166.21678
-114.38298	-172.46081
-206.99390	92.04471
-88.80240	-171.63141
-91.27881	-171.98800
-93.22904	203.62766
-224.65573	27.58913
-109.25035	-171.24124
-83.41534	-168.03819
-168.04489	-141.62156
-213.49761	75.17006
-87.66275	-168.72706
-225.89822	7.84404
-196.95197	-105.08291
-196.95213	-105.08160
-117.85705	-168.93170
-225.88866	3.12324
-88.63283	-167.94454
-16.18366	-110.56367
-132.30542	181.95546
-122.91123	-166.64603
-171.78162	146.49788
-23.26431	-119.14021
-96.71949	-167.50115
-68.63134	-158.31697
-68.62351	-158.30652
-102.56468	198.94351
-102.58226	198.93364
-163.59978	-143.46796
-149.18881	-153.90195
-149.62769	168.32339
-125.72541	-164.08939
-74.91554	-159.97605
-102.68662	-166.03003
-178.07825	-128.31879
-221.16439	45.19325
-201.49816	-94.50256
-219.64093	-46.17605
-219.71480	-45.81195
-172.24397	-133.88442
-79.42935	207.73044
-172.26034	-133.86542
-79.48472	207.71031
-172.33858	-133.77110
-206.39319	-84.26948
-206.40773	-84.22292
-206.41051	-84.20866
-206.41138	-84.20448
-206.41146	-84.20349
-49.25525	-142.04671
-209.85662	83.11273
-83.57589	-160.51682
-72.86084	-156.25734
-70.68935	-155.15419
-125.18868	-161.38355
-64.14112	-151.36291
-59.98344	-148.79323
-106.34184	-162.52366
-106.40408	-162.46401
-158.15432	-144.09304
-129.52372	-158.25225
-69.83312	-152.05659
-20.38987	-111.64158
-29.79883	215.58637
-210.32542	80.68021
-71.27444	-151.46648
-222.17332	-28.49371
-224.30492	-7.63859
-222.13246	-28.72056
-203.67305	-87.04889
-72.05391	-151.41193
-24.25188	-115.42500
-183.04699	130.84333
-157.86573	159.73190
-157.86513	159.73247
-209.77560	-72.82316
-197.87835	-96.26594
-194.06617	-102.39396
-194.04892	-102.41791
-94.58237	-155.77073
-117.18794	-156.42399
-189.27526	121.39346
-205.49700	-81.42910
-161.71321	155.66011
-161.81759	155.54006
-68.58038	209.98240
-68.63153	209.96146
-220.03661	45.18236
-211.20620	-67.39794
-117.15246	-154.84422
-147.67518	-144.78266
-130.34247	-151.35918
-130.34450	-151.35763
-207.70617	-74.53230
-91.01623	-151.63878
-149.21171	-142.58853
-124.31932	185.33407
-191.30840	-103.49470
-80.08809	-147.05958
-221.87606	29.08981
-71.31984	-142.19465
-51.29527	-131.76929
-189.99347	-102.82972
-173.23882	-121.83306
-216.40340	-45.16442
-69.47933	-140.29862
-143.44747	-141.34498
-143.44864	-141.34333
-184.01371	-109.60060
-191.04056	116.75678
-112.03762	-148.06535
-218.85458	-33.38069
-154.50967	-134.34458
-154.53121	-134.31905
-154.70688	-134.14953
-64.35846	-136.30206
-127.03386	-144.75858
-127.00410	-144.73622
-159.82103	-130.35724
-190.99776	-98.90560
-133.22271	-142.95671
-191.03086	-98.83089
-160.08583	-129.97725
-160.12501	-129.91399
-160.19399	-129.80504
-160.30698	-129.63510
-168.58933	-122.91090
-217.68892	-35.99638
-217.68747	-36.00288
-78.97466	-140.83297
-208.97554	-64.24919
-71.83632	-136.98070
-220.98219	24.44579
-220.98165	24.44807
-33.41102	-115.51387
-158.04677	-128.64268
-196.15871	-88.49172
-196.16133	-88.48481
-178.06409	-111.97175
-178.04164	-111.99477
-178.08038	-111.94959
-178.08856	-111.93907
-178.66510	-110.82975
-171.75716	-117.43285
-100.86251	-142.22244
-220.44774	-12.15636
-195.12755	-88.66649
-195.11344	-88.68545
-195.12218	-88.67155
-111.00888	-141.44670
-157.01603	-127.25567
-157.02347	-127.24763
-178.63294	-109.47244
-178.65109	-109.43036
-178.66960	-109.39214
-178.93702	-108.99513
-178.80488	-109.11222
-177.46250	-110.38766
-177.45411	-110.39588
-177.46575	-110.38027
-179.10630	-108.34040
-179.08494	-108.33267
-179.33711	-107.99128
-179.34077	-107.98501
-179.22566	-108.01167
-179.59403	-107.61836
-179.41933	-107.80297
-179.45913	-107.74593
-149.28278	-130.16110
-149.28681	-130.15631
-113.41282	190.08452
-159.62833	-122.74558
-198.93388	-78.87111
-198.95726	-78.79917
-198.98350	-78.71617
-106.96826	-138.08028
-106.94887	-138.07208
-77.01592	-133.50177
-189.80757	-92.65573
-26.35681	-107.60276
-136.83865	-131.41078
-123.79722	-134.31042
-171.13542	141.48890
-216.72063	-24.62045
-148.98980	-125.14899
-117.45239	-133.82934
-191.56048	-86.62506
-191.60232	-86.43851
-218.66140	26.34065
-80.93368	-130.19066
-59.07917	-123.30728
-110.11914	-132.63106
-204.86108	83.95153
-7.39152	-91.95406
-121.74878	-130.70507
-82.09138	-129.26486
-82.09249	-129.25578
-217.11797	-14.21813
-84.05492	-129.11395
-122.89466	-129.55794
-199.42141	95.63218
-179.42400	-97.67163
-199.41700	95.63653
-175.52784	134.85732
-167.58748	-107.91850
-167.58693	-107.91598
-141.87025	-122.85025
-192.58411	-80.01485
-192.59194	-79.99436
-211.37808	-38.18744
-211.37755	-38.18412
-138.34041	-123.45551
-138.35424	-123.42195
-138.36794	-123.41314
-138.39416	-123.38684
-185.43197	-89.24775
-106.37695	-129.02187
-208.47034	-46.60860
-152.13933	-116.52829
-152.13800	-116.52732
-207.21284	74.91065
-207.21047	74.91415
-99.00112	-127.72090
-105.08996	-127.81102
-105.09550	-127.80498
-102.33167	-127.52899
-148.66547	-116.72966
-119.57120	-125.22489
-216.33619	30.79102
-40.98522	212.50866
-102.26971	-126.17739
-79.45005	-123.29696
-21.35571	-100.23588
-102.71098	-124.42722
-71.40533	-120.52509
-182.86830	-86.48548
-179.33266	-89.22002
-127.27873	179.15094
-11.78272	-93.80240
-148.19235	-112.19188
-166.94049	-99.69342
-214.77470	-4.57266
-214.77391	-4.57949
-211.09269	-25.56385
-211.08735	-25.52696
-124.96917	-118.84344
-117.13015	185.33674
-180.49007	125.24922
-105.31975	191.93648
-105.53822	191.80316
-203.20258	-47.14701
-132.35862	-115.22951
-104.14519	-119.54469
-181.60298	-82.03380
-145.34582	-109.59223
-212.33548	-10.64840
-168.06554	-93.50942
-190.72467	107.38436
-190.71233	107.40226
-199.26963	-52.35086
-85.85998	-117.12656
-209.95318	54.67037
-189.23900	-69.16445
-209.86102	-20.06446
-211.96844	-7.65878
-83.98273	-116.28013
-175.93056	-84.23670
-212.84234	0.84339
-212.84105	0.87767
-88.09591	-115.68928
-212.95012	26.68762
-52.73669	-109.38699
-212.62335	4.02171
-205.05263	-33.12171
-212.42862	4.63862
-167.39681	-89.69390
-189.65882	-63.79225
-200.52085	83.31242
-200.43416	83.52465
-130.79999	-108.45407
-207.86122	-20.04564
-211.39974	1.23858
-122.66838	-110.24897
-193.19556	99.96637
-108.94283	-112.19062
-122.97181	-109.53499
-175.44243	-79.26263
-175.44669	-79.24307
-175.44989	-79.22504
-109.29292	-111.63367
-153.68461	-96.13661
-153.70945	-95.89169
-108.19637	-110.85956
-108.19206	-110.48465
-108.18252	-110.45693
-116.33400	-108.99149
-139.13202	-101.69486
-149.08632	-96.82222
-161.20330	-88.79115
-209.33126	43.40990
-209.33212	43.40292
-209.33233	43.39865
-209.33174	43.40287
-96.39724	-109.60882
-180.43543	120.80720
-180.43053	120.81112
-154.60592	153.25092
-181.59041	-66.36490
-181.59088	-66.36371
-176.52451	-72.26691
-102.44021	-108.18446
-194.98339	-44.13800
-114.31274	-105.88235
-191.04245	100.96370
-203.92730	65.82638
-171.88779	-75.41353
-171.88808	-75.41176
-117.24930	-104.90142
-102.06726	-107.23349
-57.33383	-105.32070
-159.59474	-85.10222
-159.59610	-85.09977
-128.96925	-100.95587
-192.48961	-46.62671
-192.48974	-46.62625
-207.99019	4.61044
-206.92203	-2.27423
-201.58725	-24.05335
-179.06360	121.48589
-202.64349	-20.22451
-99.83267	-106.11973
-133.89828	-97.68616
-134.62536	170.40051
-150.72681	-88.98667
-164.08647	-79.17780
-164.15760	-78.92363
-147.87356	-90.12247
-164.32160	-78.50614
-125.01795	-99.95072
-208.11549	18.27689
-178.20017	-64.39524
-161.55783	144.41006
-190.88226	-45.64909
-161.58069	144.37779
-197.20764	-31.12265
-176.09440	-64.02767
-149.87154	-86.23615
-200.24399	-20.63414
-143.13085	-90.03148
-175.65451	-63.98581
-96.19527	-103.03450
-144.75140	160.83230
-154.90254	-80.50241
-154.87442	-80.43772
-123.41845	-95.98142
-108.34047	-99.72594
-137.51339	166.87560
-137.50757	166.88047
-167.14126	-69.08977
-127.27484	174.84622
-120.79603	-95.79312
-181.15931	-52.43661
-107.01081	-98.78623
-170.36675	-64.57697
-204.80615	37.22791
-171.71511	-62.76894
-171.71497	-62.76353
-202.27251	0.71695
-197.18652	-17.07771
-202.45550	4.49452
-197.19373	-16.91543
-95.82502	-98.87148
-202.79485	49.67436
-202.79452	49.67530
-178.64006	117.70731
-49.93466	-98.29060
-163.32822	-66.89791
-165.27348	-64.97253
-187.65989	-35.54171
-187.65897	-35.54099
-132.99156	-86.59288
-120.85678	-91.21271
-192.26914	-24.31461
-202.31774	44.15387
-108.70997	-94.04320
-108.72054	-94.02719
-137.57802	-83.07314
-189.29349	-30.11928
-189.32864	-29.96201
-189.32287	-29.97029
-184.83108	-38.21060
-184.83275	-38.20755
-190.62986	91.79024
-190.59369	91.84989
-168.54984	-59.49439
-138.23706	-82.34669
-138.24283	-82.34062
-105.93747	-93.96127
-148.41344	-75.46390
-183.78557	-38.33976
-170.44441	128.68041
-74.28692	201.81919
-142.03870	-79.01702
-142.04378	-79.01334
-201.49013	18.48883
-201.48555	18.44187
-106.97264	-93.07703
-82.94030	-97.08002
-195.76878	74.52837
-195.76712	74.53167
-127.28112	-85.01491
-197.01984	-2.84548
-197.01811	-2.84750
-193.77879	-13.45310
-144.43552	-75.59362
-105.91806	-91.68087
-105.90691	-91.67358
-105.89594	-91.66636
-84.07933	-95.54553
-31.31999	-93.65107
-196.98374	-0.43954
-122.60520	-85.73925
-199.14629	12.31148
-145.12161	-73.90328
-155.42490	-65.46502
-193.95290	-7.96762
-98.85670	-91.95495
-127.20699	-82.42159
-172.34439	-47.91947
-192.93068	-9.76771
-169.02349	128.82417
-183.89078	-29.64262
-183.89208	-29.55453
-183.87369	-29.56492
-81.49733	-93.97990
-145.17936	-70.13088
-182.37222	-28.80577
-86.65446	-91.73964
-74.07701	201.17609
-134.18616	166.31156
-178.39824	-33.36906
-178.39892	-33.36671
-139.57912	161.31738
-147.05490	-65.25396
-193.42537	68.76807
-193.42607	68.76450
-129.78214	-74.73001
-171.00583	122.68217
-171.00198	122.68645
-68.59763	202.74832
-194.82377	56.77821
-174.21868	117.09117
-184.93050	-13.87454
-195.11594	36.11782
-191.17972	6.77918
-69.56240	202.25746
-148.01203	-59.60240
-90.07733	-86.71214
-173.17105	-32.32896
-192.34655	14.93109
-133.63335	165.39085
-31.30593	-90.38540
-153.02786	-52.79754
-106.53550	184.67760
-115.99360	-75.94053
-172.35392	117.33763
-142.58299	-60.33164
-188.64738	7.19992
-110.92070	-77.92186
-188.66528	7.34621
-108.69488	-78.79431
-110.88394	-77.92513
-110.85972	-77.91920
-103.95040	-80.50322
-166.16566	-37.17805
-166.18179	-37.15690
-166.19662	-37.13790
-110.40081	-77.83651
-164.31997	-39.34218
-156.04904	-47.87948
-156.04178	-47.88304
-188.33404	8.41925
-163.25164	-39.57011
-112.04529	-76.34871
-176.63037	-18.21730
-95.68682	190.40457
-110.42219	-76.13459
-146.93621	-54.06059
-105.80349	-77.06626
-152.79770	144.05773
-100.31842	-78.80083
-167.66784	-28.87456
-142.59769	155.00067
-181.91280	-1.35211
-189.86742	39.63884
-189.85478	39.56472
-189.85429	39.56174
-189.84944	39.60364
-189.84382	39.52388
-157.90097	-39.33282
-185.99119	76.16531
-146.12656	-50.25972
-171.35040	-19.27869
-171.34833	-19.27244
-172.72881	111.42684
-98.93937	187.86349
-98.96116	187.84937
-162.40268	-30.52818
-162.40147	-30.52878
-178.15950	-3.59630
-178.15871	-3.59391
-178.15581	-3.55273
-178.15206	-3.49694
-121.85252	-64.90265
-171.05122	-16.41555
-157.43453	-35.23571
-187.27683	44.19309
-186.94618	37.20033
-107.55116	-70.42971
-169.02223	-16.20685
-176.14949	-2.18884
-176.15058	-2.17773
-176.14778	-2.18340
-184.28864	25.17052
-145.49083	-44.64436
-132.83656	-54.88076
-184.12312	31.37533
-125.35909	-58.80272
-90.35352	191.73019
-162.04295	126.66180
-172.74209	-5.05360
-162.01250	126.68166
-172.73135	-5.05894
-123.22284	-59.34052
-175.63878	2.15242
-127.06463	-56.39798
-161.45828	-22.84855
-177.79186	10.50883
-177.79178	10.50874
-153.46651	138.52582
-153.44834	138.54398
-140.94504	-44.08825
-170.37904	-5.37608
-148.68792	-35.40523
-181.65924	33.15164
-178.36883	84.92913
-98.99055	-68.80068
-178.79771	79.70686
-181.52459	46.98272
-181.45276	47.16739
-181.42195	47.19879
-181.41105	47.15324
-122.83354	-54.58503
-169.51156	-0.53796
-178.09428	25.60243
-177.10090	21.47819
-115.38412	-58.51174
-166.71023	-3.80202
-147.42777	143.87900
-147.42985	143.87633
-176.00165	24.15820
-176.99590	79.40565
-176.77868	79.69993
-176.59568	79.94159
-176.76824	78.72998
-176.39147	80.37508
-176.43874	79.97869
-176.51115	79.33099
-176.41515	79.79066
-175.57653	26.90357
-176.21527	79.86988
-176.23992	79.60361
-176.24707	79.55035
-175.61110	28.28175
-176.06018	80.19491
-130.64311	161.20590
-176.08019	79.72397
-175.89597	80.40193
-175.89429	80.30268
-132.82883	158.96117
-152.31520	-20.44931
-154.07654	-17.35874
-114.06334	-54.61900
-146.49973	-26.28109
-116.83177	172.61528
-36.10275	-83.18191
-162.95439	-0.07204
-175.67675	46.37943
-175.67437	46.40169
-147.50178	-22.10103
-157.88772	124.45253
-157.88608	124.45443
-116.34575	-50.70557
-174.71248	72.97572
-174.71034	72.97625
-174.70975	72.97647
-164.22760	5.98281
-175.08528	48.72973
-123.30591	166.64883
-166.43056	12.38886
-15.14692	-85.17267
-174.89996	61.29003
-174.23078	46.11551
-174.21778	46.11944
-174.01288	46.49492
-174.01173	46.48680
-173.92270	46.63411
-173.90212	46.65781
-170.73458	30.24752
-124.43367	-41.84620
-173.09146	46.89540
-22.18567	-84.13945
-172.64115	48.27688
-153.13363	-7.93774
-162.97739	109.87440
-162.97332	109.87962
-162.95648	109.90434
-162.95180	109.90134
-23.11877	-83.87691
-93.10144	187.55474
-93.11776	187.53710
-165.71378	19.54777
-165.71407	19.54924
-159.51214	4.87883
-112.10590	174.76713
-112.09974	174.77013
-132.07574	-31.89052
-170.22542	41.01505
-158.36094	4.78093
-168.80681	85.10059
-160.17188	11.03037
-50.06603	205.38476
-50.05997	205.38459
-160.11843	11.09976
-160.09555	11.13140
-160.09383	11.13420
-158.87011	10.87624
-157.32195	7.76859
-136.91167	-22.86599
-119.71699	-39.72335
-147.37318	-9.01770
-147.34987	-9.01189
-147.32168	-8.98571
-147.28169	-8.95788
-157.79136	9.64934
-157.27474	9.02333
-55.80478	-74.69925
-164.48063	31.98579
-168.24402	70.25022
-52.50466	204.41306
-108.18040	176.38750
-108.14300	176.40422
-146.39468	-6.59951
-166.00519	86.70315
-165.99279	86.71176
-139.73610	-14.28486
-167.20931	60.88618
-129.61535	-25.47918
-166.72046	60.69495
-163.95156	91.20004
-158.40118	21.04041
-165.41722	50.44281
-60.57922	-70.98883
-165.40290	73.39984
-165.24828	59.97543
-143.72370	-4.52215
-161.94056	94.64609
-161.92494	94.60552
-163.31402	87.82748
-163.30731	87.84965
-163.29887	87.87367
-26.94814	-81.15898
-158.41099	27.63812
-12.12665	-84.07413
-21.72961	210.82839
-162.25465	43.88076
-149.19341	7.21812
-162.82324	48.12269
-141.56703	-5.25263
-163.43348	53.10303
-163.43054	53.10263
-163.41685	53.09306
-107.17413	175.75614
-158.41739	30.28173
-124.99016	-25.47628
-160.45154	38.25069
-80.81630	-59.15079
-140.65303	-4.63696
-81.75193	-58.31622
-140.08819	-4.40845
-120.70973	-28.02066
-45.55936	-74.70545
-162.55653	69.19812
-162.55434	69.20380
-121.29701	162.71329
-157.92568	35.45408
-162.03962	76.82633
-161.09536	50.99211
-121.45827	-26.18932
-112.84917	-34.45404
-153.30538	114.22341
-114.79951	-32.56118
-124.98589	-22.07194
-161.35388	64.37900
-161.34828	64.36834
-98.28373	-45.54082
-160.75625	79.93993
-160.75443	79.94263
-160.75263	79.94755
-154.17999	109.72181
-154.17613	109.72961
-154.17418	109.73166
-154.17495	109.72816
-159.45932	49.94443
-159.45707	49.94648
-149.11386	122.11081
-149.10926	122.11220
-159.80108	55.29988
-160.62459	70.15346
-160.62135	70.15742
-158.68455	48.38498
-155.80046	36.86822
-30.98710	-78.46986
-118.07652	-26.08433
-157.23658	45.37259
-37.44274	207.68880
-73.96933	194.84381
-149.40984	23.70797
-111.49479	170.12626
-83.93728	-52.74553
-158.11556	60.83737
-152.69347	108.05061
-142.95462	130.37164
-157.49093	80.93102
-157.48512	80.93459
-141.80689	131.79781
-44.67468	-72.47599
-123.74132	157.20968
-154.18378	45.28449
-110.88780	170.00055
-133.10756	-2.53712
-144.46852	17.69236
-121.32175	-17.81564
-95.81488	-42.08634
-84.56793	-50.31325
-149.62427	31.81871
-149.19017	113.61749
-144.40753	19.50919
-144.40774	19.51008
-154.03337	50.01909
-140.58311	13.10674
-90.98294	184.61067
-148.98833	34.30566
-148.14697	114.36995
-149.97891	108.71719
-120.54616	-15.65208
-154.37897	61.93083
-130.33092	-2.46940
-26.28176	-78.53235
-152.83329	53.21616
-154.24868	81.15824
-126.10039	-7.19404
-143.71110	23.54616
-146.54096	31.14737
-120.98621	-13.36251
-138.13505	13.54058
-134.48504	7.37018
-152.84376	63.60558
-147.78913	110.83830
-144.78614	29.54356
-145.89988	33.35664
-65.20634	197.86112
-142.74202	123.44021
-146.45646	38.98361
-146.44982	38.99127
-146.42853	39.00813
-146.40608	39.02280
-146.39698	39.03107
-147.62014	43.67155
-137.53730	17.24685
-137.53755	17.26988
-142.60661	30.46148
-144.08180	34.57123
-143.68648	117.14854
-145.41357	41.81389
-144.90752	42.04972
-132.83016	137.98426
-145.27224	47.31639
-143.80064	42.53191
-133.60839	135.74509
-133.60563	135.73277
-133.60292	135.72521
-92.37196	-35.47199
-92.33046	-35.46133
-145.62098	102.18762
-147.00605	63.11070
-107.20844	-19.63334
-24.72359	-77.13004
-127.76772	143.98023
-51.53637	202.42276
-145.13991	97.05155
-145.13850	97.04788
-144.35617	56.39509
-125.98530	8.59264
-107.54198	168.07876
-107.52110	168.09309
-107.51776	168.09436
-137.61562	33.33058
-113.13813	-9.99653
-113.09265	-9.95005
-139.84138	117.53197
-113.04584	-9.90421
-102.75249	-21.82640
-132.21013	133.98740
-104.76561	-18.28428
-143.75500	64.23275
-97.48732	-25.38640
-140.83324	51.58640
-90.18483	-32.12005
-136.32987	38.03261
-136.33074	38.04413
-130.30249	135.66364
-141.80218	100.45604
-142.80471	70.99342
-91.43304	-30.21932
-134.63115	35.03074
-113.15075	-4.80117
-139.44583	51.47366
-111.16859	-6.92831
-106.57665	-12.72305
-91.40608	-29.57162
-128.46879	22.04297
-110.50218	-7.46979
-110.46501	-7.47713
-110.42809	-7.48120
-141.54323	96.46857
-107.94519	-10.59764
-94.04760	-26.52567
-100.62084	-19.27538
-92.46224	-27.97293
-134.95474	39.33040
-92.35931	-28.01509
-91.86533	-28.35329
-109.78108	-7.27362
-91.74780	-28.32142
-91.68654	-28.37354
-131.82368	32.05673
-134.22951	38.60557
-83.07687	185.82138
-92.00562	-26.94561
-132.07862	35.30777
-94.37165	-24.34538
-134.95053	44.08040
-89.20969	-29.41471
-92.57881	-25.70806
-89.77626	-28.45164
-89.76502	-28.42237
-139.90289	86.48549
-132.93781	41.37089
-92.62639	-24.87247
-129.95655	33.83259
-130.62154	35.65653
-120.27321	13.38977
-89.91390	-27.38612
-127.00764	27.05584
-94.21309	-22.64664
-131.51242	38.61538
-131.47861	38.65227
-131.46236	38.67181
-94.24347	-22.48880
-135.65873	53.09716
-131.42203	38.71198
-131.23084	38.32643
-94.24346	-22.37107
-134.05911	47.45793
-94.29066	-22.25108
-109.93458	-2.47895
-93.83826	-22.66705
-137.82256	65.65462
-139.03416	79.61301
-91.85532	-24.77936
-91.39392	-25.25621
-91.39693	-25.21431
-134.80794	51.49077
-103.70295	-9.69986
-135.09569	55.89533
-93.53892	-21.80329
-134.69334	112.58456
-93.49866	-21.66704
-47.02610	-61.66781
-133.97816	53.30820
-118.37048	149.11807
-128.68258	36.91751
-128.64827	36.85724
-128.64524	36.87398
-95.54687	-18.49191
-95.51508	-18.52526
-123.14733	140.84109
-133.69712	54.75385
-19.18309	-77.38836
-95.05707	-18.63815
-92.32459	-21.74317
-92.31892	-21.73147
-53.43178	200.50990
-47.62891	-60.46786
-136.09251	76.52709
-93.33066	-19.41290
-65.42050	194.90951
-112.75052	155.69095
-133.65612	108.48441
-133.63934	108.48705
-126.21346	36.22390
-91.18899	-21.00544
-91.12921	-21.00067
-90.97742	-21.08770
-107.26597	0.24020
-108.48294	2.38486
-134.86765	78.87884
-95.34208	-15.30607
-43.97393	203.79027
-93.35950	-17.60126
-93.32188	-17.59611
-109.41980	4.60865
-109.40099	4.64853
-109.40175	4.66698
-109.36487	4.61338
-128.91246	122.98577
-116.81874	148.42634
-116.81572	148.42487
-116.81366	148.42270
-94.21507	-16.02703
-94.58223	-15.45513
-133.83510	86.42127
-130.74847	58.78073
-117.06783	20.47947
-94.82790	-13.80291
-96.31502	-11.85028
-94.86434	-13.70699
-129.38309	55.97289
-132.62783	77.51900
-130.85255	64.37111
-119.60887	28.22964
-120.52217	30.61637
-129.23431	57.75898
-126.21199	124.20213
-131.35374	75.61993
-120.21466	32.19877
-128.66748	58.98208
-59.47493	-48.31143
-131.45934	94.85895
-95.48567	-10.18023
-127.03367	53.44419
-95.44685	-8.51791
-95.43808	-8.48661
-95.45965	-8.41928
-95.40069	-8.44506
-110.12062	154.22644
-129.65992	82.43810
-51.73178	-53.32784
-129.53981	84.83769
-97.74967	168.75202
-97.75346	168.74663
-92.87464	173.59127
-96.84917	-3.93893
-96.80696	-3.94789
-96.78028	-3.93233
-120.21343	41.52476
-96.83182	-3.63452
-96.58506	-3.91664
-65.81920	-40.01044
-96.64691	-3.75657
-96.77950	-3.43997
-96.82913	-3.35451
-96.75452	-3.45333
-96.69812	-3.43852
-96.75400	-3.34911
-96.74888	-3.35635
-96.34432	-3.93685
-96.70339	-3.41027
-96.26172	-3.99892
-96.17275	-4.12201
-96.30003	-3.90650
-116.74466	34.36199
-95.92591	-4.00305
-95.96786	-3.92688
-96.40966	-3.27458
-95.77818	-4.19156
-127.85879	83.63563
-95.99415	-3.82658
-96.17614	-3.54987
-96.08376	-3.64998
-96.12306	-3.57520
-96.25796	-3.36757
-96.31636	-3.27100
-96.19843	-3.43154
-96.37137	-3.17028
-96.58100	-2.79898
-96.40077	-3.05920
-96.61301	-2.73466
-96.53948	-2.75920
-96.58806	-2.68298
-96.77256	-2.39477
-96.35080	-2.98187
-96.26729	-2.97950
-95.70339	-3.74950
-95.64716	-3.80711
-96.25510	-2.89852
-95.57370	-3.89642
-95.49456	-3.97493
-95.76844	-3.57323
-95.79668	-3.51127
-96.13678	-3.00270
-96.18353	-2.91614
-95.42810	-4.01872
-127.39350	96.80636
-96.07240	-3.03524
-96.01832	-3.08115
-95.66254	-3.54981
-95.88230	-3.22377
-95.51508	-3.73341
-96.59463	-2.12024
-95.69672	-3.42037
-95.96182	-3.01966
-95.52648	-3.63525
-95.64230	-3.46374
-95.98874	-2.95049
-95.56496	-3.55867
-96.33303	-2.30251
-95.93670	-2.88759
-96.30939	-2.33134
-95.70876	-3.17449
-95.75465	-3.10036
-127.23358	86.15420
-96.19160	-2.41133
-96.13519	-2.48907
-95.69184	-3.10419
-106.07291	13.87453
-96.35720	-2.08547
-95.63367	-3.14436
-106.08761	13.93666
-96.40328	-1.93705
-96.35006	-2.01213
-96.66146	-1.54415
-95.18552	-3.73032
-96.51483	-1.73101
-96.39118	-1.89179
-95.16717	-3.65211
-95.34778	-3.18545
-95.19349	-3.38254
-95.95766	-2.21968
-96.07856	-2.01770
-95.28642	-3.10675
-95.41589	-2.89983
-96.21458	-1.70358
-96.13349	-1.78100
-96.44662	-1.30271
-95.02061	170.13002
-125.03547	68.73710
-96.14881	-1.61942
-95.92791	-1.81616
-71.73501	189.10780
-96.38807	-0.91837
-95.98251	-1.45372
-95.90546	-1.55570
-95.93053	-1.51549
-95.68827	-1.58802
-114.22751	34.43506
-121.43351	57.22323
-43.84919	-57.20194
-123.57634	70.18247
-98.28055	4.61288
-120.40614	56.03155
-83.21541	-16.61750
-101.08183	9.94269
-83.41475	-16.10272
-123.66806	105.37404
-123.65289	105.38328
-103.04196	158.07448
-97.47851	6.23055
-97.44396	6.19109
-121.33006	79.86203
-104.78306	23.07597
-104.78439	23.08900
-103.27190	20.02091
-50.95781	-48.68872
-85.13140	-9.33784
-96.69898	9.62374
-44.50056	201.97980
-97.38501	10.96496
-106.32342	150.00260
-119.93811	81.53613
-97.76168	12.94685
-78.34328	-16.68118
-113.37531	50.88338
-113.37526	50.88912
-98.14207	14.37226
-98.11939	14.37891
-91.95018	3.77192
-101.82041	22.29727
-95.36438	9.95783
-95.35208	9.95300
-114.41789	57.37273
-117.65952	74.88636
-117.73181	77.00662
-108.30886	41.09462
-65.40464	190.77517
-67.65327	189.30122
-115.12110	68.86192
-103.38116	150.97872
-117.39808	93.50757
-99.19952	22.55195
-97.55971	19.21070
-97.54474	19.25898
-97.21250	18.90874
-97.23320	18.95214
-97.17124	18.94245
-56.49795	195.60720
-97.21736	21.12536
-97.24195	21.19500
-97.19447	21.23599
-97.16392	21.17926
-97.77314	22.79490
-114.55966	109.25991
-106.26399	45.05043
-106.04318	141.51547
-111.94513	67.05368
-97.89052	25.50702
-97.45319	24.71583
-97.41001	24.72527
-114.32904	96.71199
-98.28565	26.97474
-109.17644	58.70169
-97.53199	27.31036
-100.82926	37.28296
-100.80814	37.24498
-58.57322	-33.23245
-101.05721	38.48883
-97.92454	31.46130
-105.70416	54.20742
-41.74772	-51.19052
-96.47101	29.69991
-96.50358	29.80927
-96.42271	29.66688
-96.44989	29.79406
-73.92706	-11.40990
-107.35423	128.82608
-97.65976	33.28653
-88.19693	12.84184
-103.81483	50.75821
-110.85642	104.35352
-107.26095	128.13992
-104.72364	136.60482
-104.77872	56.11605
-41.00455	-51.13338
-110.44663	95.29432
-100.32625	42.48653
-85.47549	9.91372
-97.78775	37.58959
-105.84455	64.65203
-86.25613	168.39591
-84.81371	170.00268
-51.97622	196.58539
-35.84224	-55.72276
-51.98602	196.57656
-79.65337	0.89026
-79.63545	0.90235
-96.76844	36.42727
-48.45463	-41.87938
-96.55656	36.78378
-103.79694	60.28227
-96.62232	38.44400
-105.46168	70.00647
-104.57524	66.34593
-96.60191	39.61502
-96.65469	42.02260
-93.61956	154.61768
-74.20576	-3.52231
-104.74022	118.61189
-74.83686	178.63900
-100.66873	59.24808
-88.21174	24.60762
-75.43433	-0.20318
-104.10247	117.89983
-94.98051	43.80477
-87.30870	24.25757
-69.07492	183.38426
-92.96554	152.86847
-92.95600	152.88465
-92.94815	152.89834
-96.33344	48.49854
-69.39058	-9.23131
-96.69334	50.12509
-102.45197	123.92009
-96.22421	49.04047
-95.40489	46.48938
-95.76371	47.87345
-104.25466	94.48629
-95.70816	47.94927
-95.69249	47.90134
-101.71675	126.06465
-96.23923	50.13354
-101.68320	126.10349
-101.65079	126.12969
-96.13112	50.40630
-95.93928	50.00658
-103.61546	93.44029
-95.88276	50.91191
-95.85773	50.87028
-103.39997	102.45293
-103.38396	102.09879
-103.36783	102.03135
-95.42163	50.62830
-95.31493	50.33909
-28.58663	-59.95128
-102.60895	90.50078
-95.75779	52.97057
-95.77596	53.06024
-95.70352	52.92714
-63.95136	-15.25349
-95.42931	52.82008
-95.21539	52.18687
-95.14701	52.12308
-95.14527	52.15491
-95.14571	52.15894
-95.84305	54.62397
-102.46619	97.69133
-102.46463	97.75471
-102.46214	97.72841
-101.36990	110.98621
-94.67145	56.07852
-96.15663	62.28177
-96.01988	62.36172
-33.96597	203.65908
-33.97323	203.63726
-33.97524	203.61853
-92.45951	51.19161
-56.73530	-22.81022
-94.49391	59.51645
-94.28746	59.19528
-94.30649	59.28699
-95.24712	63.53910
-94.00664	59.09556
-89.88431	150.98403
-65.45797	-8.18030
-65.45080	-8.17995
-93.10446	141.52456
-95.24133	133.58832
-97.96851	85.64691
-93.63042	61.99574
-93.58741	61.91100
-93.57676	61.87906
-93.56864	61.94822
-93.33164	61.42941
-93.31531	61.44994
-93.28879	61.47826
-93.25226	62.53870
-93.32113	63.45943
-93.30608	63.68796
-93.22833	63.76590
-93.21857	63.72975
-93.19823	63.70614
-94.96111	128.76940
-92.85199	66.08765
-92.82810	66.03580
-92.82952	66.10680
-92.79709	66.14585
-92.26331	65.05801
-92.62300	68.05735
-66.48976	0.64108
-91.75148	71.12029
-91.74157	71.14076
-91.74164	71.15599
-91.72132	71.15296
-91.71519	71.14071
-90.39399	71.95173
-92.28052	84.33786
-92.27697	84.35292
-90.62034	74.00413
-70.63701	12.72960
-90.11075	75.97856
-72.63724	171.47330
-91.54364	94.59718
-69.83376	174.66027
-31.97283	-49.89001
-88.10628	72.74427
-88.92919	78.50531
-87.62370	73.05469
-87.80552	74.12101
-87.59630	73.05669
-88.50252	78.72194
-71.18231	19.90417
-73.81511	26.67098
-87.97800	130.00909
-88.26616	81.67966
-87.07741	75.38543
-87.74926	81.53441
-88.96158	100.17020
-21.67847	-61.59224
-83.55926	66.21197
-86.48927	84.30682
-86.43075	85.41846
-86.43603	85.46397
-86.40449	85.45045
-86.37861	85.46397
-86.35304	85.43314
-87.47919	112.18782
-85.45318	89.63213
-85.42017	89.68217
-85.38702	89.62451
-85.35622	89.66104
-85.34610	89.69710
-85.28103	89.70213
-85.77677	115.46933
-85.03292	89.83012
-85.00316	89.81034
-84.99340	89.83385
-84.97808	89.87819
-72.66007	34.82096
-84.92990	89.86006
-74.24356	40.43471
-79.98714	62.05157
-70.57211	30.85837
-12.92909	-71.09497
-70.54355	30.88183
-84.07377	93.68121
-84.06328	93.65835
-83.75609	94.37494
-83.66907	94.27144
-41.78406	-29.05937
-83.64189	94.31791
-76.77647	152.12357
-64.78727	17.87359
-82.94448	94.36941
-66.16901	23.00062
-81.79417	129.25403
-66.18389	171.40346
-82.18868	96.33415
-82.16025	96.39710
-82.13962	96.34756
-81.49392	124.67680
-81.01708	86.10870
-74.26711	51.44055
-74.26360	51.43891
-81.85584	96.92363
-81.86791	110.84168
-76.89791	145.12706
-62.50084	17.90837
-80.79583	100.58887
-70.69737	159.86930
-57.42426	8.06802
-79.84955	101.17887
-79.48316	101.57180
-79.46009	101.73157
-79.44332	102.08547
-79.37526	102.07449
-79.32449	102.16485
-73.64844	60.87046
-66.76247	35.49714
-79.18376	102.23397
-79.11636	102.27678
-79.06171	102.27251
-79.05910	102.37132
-79.02181	102.47120
-69.45343	45.60831
-76.58469	136.02145
-75.81226	139.27042
-75.79901	139.22183
-60.90935	20.27218
-78.25176	101.61731
-67.12471	40.64324
-77.95193	114.60192
-77.99125	106.02911
-36.38943	-32.09222
-75.32779	76.94231
-57.80834	14.00822
-52.61401	1.71453
-31.07510	-40.78179
-37.66407	197.16916
-59.35638	20.34748
-76.71699	105.53616
-73.63039	74.23546
-75.68149	95.00047
-73.66868	83.73935
-66.93744	50.28302
-54.99461	12.63078
-74.99263	111.27751
-63.90355	40.04758
-67.56597	155.93656
-74.43061	103.78132
-68.90228	61.52832
-58.60470	24.24226
-68.89608	61.52915
-74.11553	101.60531
-50.10856	2.04913
-50.08775	2.05096
-70.75174	142.48405
-59.06728	26.96460
-72.53471	91.45100
-72.99247	97.50158
-73.12271	117.56093
-43.95970	-10.07410
-31.57788	-35.50911
-69.24520	143.10257
-69.59973	77.19215
-48.52595	2.08877
-32.81528	-32.50882
-71.62727	106.18777
-69.61094	82.38703
-71.26661	109.83875
-27.66448	-41.45212
-48.57332	184.43189
-70.71026	117.68456
-58.44452	34.85965
-51.53592	180.27348
-22.23056	-50.97453
-69.46724	128.12709
-61.84203	49.52389
-28.69865	-38.52845
-59.46387	165.74954
-59.45767	165.70135
-69.13885	98.04733
-68.94508	122.03576
-57.34790	169.25328
-63.65776	152.72363
-45.84996	2.04594
-67.83825	125.74420
-67.81181	125.72359
-55.12533	172.14879
-63.88108	69.42444
-50.90564	19.34834
-64.97807	80.12830
-66.82421	99.51039
-66.53731	125.02940
-66.53242	125.03039
-65.87799	96.54883
-65.57355	129.51325
-61.13680	62.20656
-65.03531	128.17697
-65.00553	128.18363
-57.10057	163.67394
-64.98540	128.18902
-54.21443	35.48550
-55.74581	42.27113
-64.61407	127.63827
-64.52091	95.10741
-61.36857	71.59721
-61.36045	71.59270
-51.13630	27.78668
-63.79343	101.80041
-62.41974	85.10869
-62.98110	132.93544
-62.39590	85.11471
-62.37466	85.12406
-61.38279	78.08946
-63.29052	126.24785
-41.63928	1.24892
-61.16846	138.96969
-61.87435	129.54514
-57.58490	154.21763
-35.29085	-14.56966
-26.54750	-35.53007
-60.72115	84.45270
-52.45128	168.19070
-57.68883	66.76831
-39.94114	0.28634
-56.86812	152.56078
-41.99868	7.32178
-30.59922	-23.88354
-50.98449	168.84653
-56.46657	152.00921
-56.35370	151.70825
-56.13594	152.54905
-43.52133	13.57174
-56.11561	152.36028
-56.18664	151.89450
-56.02753	152.14568
-59.89158	122.44107
-58.05867	82.91667
-55.62585	152.28762
-55.63515	152.22435
-58.78999	128.00317
-55.14597	152.45492
-57.45956	140.22557
-57.12331	140.45814
-57.03915	140.84904
-57.02865	140.89645
-56.97286	140.93352
-54.37980	153.66189
-57.97284	107.80955
-37.00194	188.82360
-22.48647	201.92353
-54.08705	78.04800
-31.77827	-13.62018
-55.94706	104.53574
-36.06022	188.55077
-51.90939	152.54297
-34.93132	-2.69966
-50.99975	63.43372
-52.45335	74.77229
-53.24810	82.37074
-45.98159	170.09691
-46.86325	167.48169
-54.37566	127.69398
-31.79674	-10.71883
-28.51429	196.14210
-26.53256	-25.17125
-44.37597	36.64819
-52.30638	141.53174
-50.37879	70.58683
-28.42514	-16.99488
-51.77098	125.67122
-51.26601	130.66106
-48.93502	148.05058
-48.71589	148.10058
-48.63327	148.14205
-48.59892	148.18613
-48.83455	142.77462
-44.30099	164.13001
-25.00901	-23.01827
-31.59806	189.02099
-48.01716	136.46529
-48.19211	125.90604
-1.74799	-82.01227
-45.62836	149.10223
-45.63167	148.97560
-45.62762	148.96766
-34.33764	183.39409
-47.49978	102.83012
-44.76027	151.83018
-44.47482	153.33733
-44.37795	153.23239
-44.27849	153.43857
-45.94247	140.30311
-46.99047	115.36466
-46.98137	115.37078
-41.63683	162.77337
-37.97241	174.05153
-22.29041	-25.85568
-22.29031	-25.84110
-44.61260	143.40153
-45.87640	106.90366
-43.70456	149.19548
-42.81074	70.72945
-45.15392	113.26105
-44.28301	137.32736
-42.27133	152.48991
-42.94661	147.50333
-42.63133	149.34475
-41.38071	154.73047
-39.55873	56.21603
-41.31935	154.76490
-41.11956	152.03541
-37.60325	166.49614
-40.03997	71.13994
-40.17076	152.08108
-35.66939	171.00867
-40.03919	152.03519
-34.23171	175.03972
-39.96823	152.17544
-39.92721	152.10696
-38.35999	159.24719
-39.26793	154.14642
-34.34719	173.52912
-41.55032	131.29897
-34.82002	42.19979
-41.43318	124.48968
-37.05334	162.21038
-10.93962	-55.06377
-27.19756	4.94368
-29.52897	17.06810
-29.52183	17.05768
-30.14591	181.98532
-40.32866	105.82774
-40.39503	119.85900
-29.46906	18.95596
-29.46651	18.95192
-37.39586	73.98969
-36.66527	156.45942
-38.22719	141.74538
-34.18384	165.73632
-32.69681	170.46430
-35.41020	157.63256
-35.45401	156.18060
-35.36841	156.18179
-35.94824	148.91574
-36.84772	130.26255
-33.45071	158.78380
-16.96317	199.35555
-28.70616	31.27097
-33.33394	158.79557
-28.99785	36.07189
-28.95181	36.01885
-15.49261	-30.18599
-31.56114	160.81727
-15.09927	200.67793
-33.77585	143.11195
-33.73895	143.10608
-32.54606	82.20562
-33.02905	99.93572
-11.85748	-42.63447
-28.44237	59.85501
-15.17388	-23.50517
-22.28628	16.74893
-24.88514	176.34986
-29.38538	149.78359
-30.30842	133.39026
-24.94811	49.85249
-17.46205	-3.92415
-24.97960	162.15186
-27.30100	98.32270
-26.75556	93.56738
-24.03446	60.29464
-20.66170	34.43781
-20.64533	34.39676
-20.62702	34.35154
-20.60831	34.36056
-22.64333	54.38354
-23.38460	63.02867
-25.37396	137.69017
-16.94973	6.14736
-19.81621	34.92451
-10.58685	200.89600
-14.10049	-6.58879
-20.58155	169.22182
-20.21345	170.95133
-23.35506	111.15347
-21.10022	158.82172
-18.63371	39.77191
-18.60053	39.72013
-18.59313	39.81988
-18.56973	39.70226
-18.57259	39.84205
-18.57014	39.84075
-18.56964	39.85575
-19.09113	169.23884
-12.86450	-6.34662
-21.27063	138.81683
-20.63980	148.94825
-14.44168	8.79674
-18.37375	170.11797
-19.58591	69.16854
-20.43365	86.48684
-15.47650	23.39053
-16.62439	173.07829
-13.96239	185.45070
-18.03009	156.08012
-13.93067	21.17456
-13.92916	21.16981
-15.22940	39.66442
-17.87278	139.83465
-12.99588	184.02115
-14.99834	49.08320
-14.99662	49.07833
-17.21824	132.52552
-12.44513	182.88415
-12.97365	30.69483
-7.72995	199.60791
-12.13582	183.79911
-12.13324	183.79705
-16.51638	121.38405
-14.03820	169.50193
-13.27900	174.54191
-13.49804	172.71131
-14.44962	67.23488
-14.93155	152.07260
-12.32930	37.84494
-14.13855	119.48532
-12.98948	70.28478
-12.37134	57.99365
-13.85589	117.31531
-13.49677	143.24582
-13.15443	86.91412
-13.31425	141.11463
-13.39824	99.33733
-13.49332	132.86449
-13.48143	132.88161
-11.14983	171.48258
-10.96721	172.94665
-11.08491	171.42799
-10.74381	172.69039
-8.53037	188.09489
-8.50227	188.10627
-9.81414	177.22032
-11.28114	148.82379
-10.38194	77.45652
-8.73776	176.24787
-9.50413	164.55664
-10.50203	103.01960
-10.48947	103.00752
-10.48806	103.01204
-9.10623	54.51776
-8.84495	171.26909
-1.96774	208.50938
-1.98781	208.46037
-2.21945	207.67697
-2.21777	207.67798
-9.62861	98.53180
-8.14015	50.16131
-9.26351	106.01562
-7.14856	29.03844
-8.38409	66.59668
-2.12934	206.55666
-7.46840	153.56799
-7.45419	85.93078
-4.08057	-15.31067
-6.25249	56.16026
-5.36163	173.52659
-6.18352	90.74580
-5.06262	177.33697
-5.21366	171.64259
-4.81932	35.94315
-5.18094	62.04855
-5.15132	62.04396
-5.11813	62.03816
-4.87226	50.10341
-4.83185	53.97049
-4.55128	55.03843
-5.03045	115.22118
-4.03261	176.57696
-4.60092	126.77617
-3.89307	162.29294
-4.03598	115.66010
-2.97832	179.14272
-3.18791	95.09342
-2.53032	176.73001
-1.61966	5.56171
-1.77934	177.04171
-2.10349	138.20348
-2.10225	138.19237
-2.09869	138.18086
-1.49643	97.79079
-1.49037	97.80378
-1.48367	97.81493
-0.46462	56.08421
-0.37441	177.01125
-0.10130	-58.55109
-0.04686	-69.93784
-0.32603	116.91086
0.05044	102.19069
0.10870	184.37102
0.30201	56.61635
0.75041	64.94861
1.34146	116.02248
1.54386	115.55441
1.54538	115.55462
1.64178	114.25601
1.71591	111.68219
0.99822	-18.65876
1.86004	51.99689
1.70735	30.96525
1.80706	34.90286
1.98021	170.30730
2.99080	99.73762
2.70736	166.59919
1.89611	-11.69330
3.68806	115.82938
4.17296	153.33653
4.21184	168.27776
4.48193	67.97933
4.76325	86.86016
4.38072	54.94512
3.25081	190.47594
1.61327	-47.06842
4.64374	55.15559
5.06293	61.13985
5.87841	141.01493
6.03986	168.65310
5.24225	16.32083
5.26213	16.33329
5.85587	25.12559
7.71661	97.79167
0.83840	-73.94898
7.58754	159.50995
8.32637	143.73553
6.04129	186.15742
4.87551	-18.70629
9.94612	140.08718
9.94941	140.11542
8.86037	54.06771
10.14542	100.12987
10.06524	146.41751
5.83778	-15.72698
8.27440	184.64206
4.69873	-34.89004
9.96474	44.34753
11.33816	152.69884
7.79942	0.30274
9.08409	184.56898
8.35832	4.59447
11.84414	63.81690
13.35143	104.24003
13.45872	92.59046
10.54639	181.65727
11.47358	40.38610
10.79835	183.44938
13.03100	56.87722
13.03666	56.85760
13.03789	56.83344
10.41944	14.37550
14.96853	113.86605
14.97254	113.87135
14.99012	113.86049
14.99027	113.85897
15.19351	113.04113
12.17093	179.12945
11.74599	182.95416
10.14430	0.81543
13.11844	30.52242
16.50117	82.24305
16.50168	82.23973
14.15849	35.31762
17.03930	155.54921
15.02345	41.25967
10.55273	-9.17110
14.37450	181.24836
18.43066	83.49606
11.30878	-9.21397
19.26626	84.84531
19.26842	84.78735
19.27820	84.76061
19.29083	84.65293
19.26341	155.08163
20.32803	96.54300
21.03226	126.15330
20.06203	79.37796
11.84844	-13.85427
15.58642	9.28711
21.70307	72.38691
16.35445	14.14824
19.73057	175.20284
22.75812	154.50146
22.76017	154.50889
22.77103	154.45687
17.38204	185.98697
24.88291	109.35765
19.07566	180.67455
24.41397	149.36963
20.09722	180.41744
15.54545	-6.36768
26.64998	137.41213
25.69100	153.56654
24.37904	55.30414
25.40734	65.76579
25.09005	54.93511
25.11729	54.94623
28.90500	145.28081
27.72201	68.34795
13.33986	-30.60425
25.23671	38.28985
31.25463	119.94711
30.17920	154.32510
30.25683	154.32619
30.26102	154.32826
30.32984	154.32570
31.09182	81.66625
22.26643	186.90870
29.65330	64.46261
31.11746	150.13277
25.24032	28.23645
23.51844	15.94722
32.79295	134.61677
33.16644	128.48204
25.49498	182.04750
34.44227	111.33079
34.44569	107.94641
34.46181	107.95407
34.83597	112.69839
19.04528	195.54066
34.66124	99.71907
31.96915	64.14379
35.50078	120.35370
24.00761	187.77535
23.83585	188.24047
24.38526	7.61813
34.79517	151.57656
36.82522	115.57559
36.69296	130.17617
36.81369	107.60546
36.99130	111.26695
28.70667	179.37838
25.77911	10.90535
37.37075	110.37943
37.39547	110.39115
34.78507	157.29946
20.35402	-15.76148
20.99775	-14.29408
21.80835	194.34733
38.57570	116.73862
27.66887	16.14903
35.71885	156.98272
31.08328	32.72487
12.03443	-49.60994
29.88269	180.32396
27.28933	186.17151
40.85401	121.01736
29.37102	14.04730
36.26678	50.30131
32.12486	179.22696
38.15163	160.64937
39.96077	154.36308
31.50939	19.25904
31.74060	181.96107
41.66998	150.48893
44.43123	119.30047
29.54446	5.23513
36.30481	31.55715
45.56692	98.76415
44.61710	144.49621
22.73726	-23.92985
42.53889	64.83799
46.03738	130.43582
46.80555	118.38676
46.83428	118.41358
46.68615	101.73709
46.44814	94.37383
35.26835	180.90882
46.50134	94.36519
31.40870	4.94686
46.53495	94.37837
24.93056	-18.93084
34.27112	183.25838
34.26826	183.28462
34.29144	183.28830
34.31396	183.27087
34.36581	183.23300
42.17423	163.73831
34.40465	183.26831
34.43882	183.25859
30.04501	-1.95302
35.33618	182.70006
48.46429	103.41706
42.52631	50.20867
47.75526	87.00296
31.48761	0.36382
44.71414	61.74948
29.40469	-7.13964
43.42568	53.15859
44.15404	57.52642
48.31875	91.76149
46.76487	152.47400
48.33997	81.87487
30.91944	190.97751
36.26247	13.00223
40.74082	31.44017
40.74639	31.44436
51.04816	98.78111
37.34780	182.61666
45.56831	52.69477
51.72032	126.01579
51.60927	132.30034
51.61430	132.29252
39.41328	179.76283
26.69810	-21.64782
39.88461	179.03460
39.53907	179.74494
44.54147	168.59581
39.65004	179.65507
40.04214	178.96628
52.04496	98.53847
40.01748	179.03046
52.06757	98.51777
40.07789	179.19391
40.17932	179.16097
39.75207	180.03354
39.73363	180.07941
40.17624	179.36274
40.25648	179.32477
40.02384	179.76221
40.24249	179.38005
40.45668	179.14404
40.36701	179.68562
40.37184	179.84175
40.91398	178.87980
40.66653	179.34552
40.37145	179.88942
40.90401	178.94877
42.89036	31.10590
40.61788	179.56807
41.05090	178.87579
19.30970	203.37277
36.07376	4.82327
51.34526	76.15248
26.05740	-26.07127
51.12725	73.85314
49.07032	60.28779
49.07161	60.28122
40.70550	179.94112
41.09366	179.25542
40.59730	180.19369
49.40807	157.79965
41.29867	178.93873
41.16194	179.28520
41.19278	179.23228
41.26052	179.22113
41.45726	179.05404
36.84605	5.43433
14.47372	206.46957
52.63555	79.11858
52.64156	79.11908
51.13052	153.13408
54.86645	131.17875
54.63291	135.07809
49.67247	54.54605
42.21809	179.24601
49.68864	54.54933
33.49307	-8.45779
48.44518	45.80695
35.09633	-5.07314
56.69657	102.53714
55.58397	138.60093
50.77251	52.11202
45.16588	176.09910
57.68410	113.88543
56.62627	135.19990
53.26329	63.41257
45.16355	177.06804
42.74444	181.52223
54.23178	64.95083
48.52143	36.83930
39.06023	2.63549
21.00242	-44.93321
32.07427	-18.91039
59.69548	97.77887
43.96203	15.20937
52.95125	47.51471
59.64555	87.70686
60.49759	129.58016
60.56140	129.54673
60.56153	129.54670
60.60290	129.47707
58.29174	73.28386
58.29252	73.28584
58.15128	69.69276
46.07996	17.79836
62.07256	121.27655
61.67630	128.73322
62.19788	105.73845
61.33565	89.26249
55.11991	49.93833
29.08458	-30.04726
45.64619	13.82027
46.86922	179.82555
52.50213	171.25212
52.51148	171.26146
17.06590	206.40045
42.19989	187.76994
65.07686	97.53685
40.59040	190.03056
58.22522	48.52842
66.58648	113.81096
64.61480	74.86168
55.24238	31.94218
45.53371	185.89257
65.73781	76.96404
67.53165	130.02198
67.87369	90.10443
50.73216	180.12215
67.67687	137.47143
62.44836	158.45550
60.39902	164.46815
23.80765	203.92158
43.42432	-7.33673
70.51108	107.24070
23.08824	-49.60543
57.84727	170.99941
51.64414	12.22056
51.65304	12.21371
71.22298	105.35262
63.00941	160.54290
64.90877	56.61186
37.55572	-22.47247
65.48972	155.17984
71.12291	128.34616
30.82915	-36.68401
