-95.94634	185.05261
-151.96027	151.33112
-65.95701	192.16757
-65.81928	-165.45415
-159.73607	-131.65539
-216.84782	3.25323
-216.65322	1.71861
-216.63470	1.71168
-52.18302	192.82458
-62.85441	-164.42910
-94.86940	-163.42245
-189.09918	-95.08078
-11.39088	-145.88815
-202.70628	-67.94583
-190.37326	-92.00867
-215.83508	2.51030
-92.03826	-162.54725
-98.25369	-161.30745
-64.86568	190.88182
-29.69413	190.97397
-204.38911	-59.67773
-204.39074	-59.67170
-29.69536	190.94560
-209.84145	50.22665
-154.73578	146.22406
-176.14838	122.13169
-211.13920	-34.90947
-80.52217	187.56465
-183.79673	110.74714
-109.30624	-157.01268
-50.93350	-160.23665
-202.45484	-63.16180
-26.17867	190.18968
-212.12059	35.14270
-175.90060	-108.73437
-181.51612	-101.21830
-42.95650	191.35893
-213.32030	21.42332
-72.32194	188.59112
-76.22511	187.73764
-80.45721	186.71288
-160.12425	-124.88463
-202.67524	69.97651
-201.22353	-63.30681
-203.12893	-57.55298
-145.44642	-136.21858
-145.43894	-136.21022
-134.29330	-142.97224
-134.28355	-142.97757
-102.28787	-156.20468
-73.43387	187.82857
-73.29434	187.84204
-73.43156	187.78405
-58.77515	-159.40304
-73.27296	187.81146
-73.64942	187.72592
-73.47202	187.76025
-125.33924	-147.40244
-73.40016	187.74220
-73.64596	187.67347
-143.57688	-136.60827
-73.54381	187.68352
-176.83160	-104.57871
-158.95586	-124.11369
-201.77933	-57.48730
-201.79624	-57.41414
-175.98966	118.27906
-74.97989	186.86093
-110.18372	174.14356
-207.66474	45.20690
-189.06026	-82.51513
-189.05676	-82.52135
-162.17307	134.05191
-54.29992	-156.85155
-160.74030	-119.06969
-208.27394	38.77826
-93.78974	180.40657
-200.20118	-56.24847
-200.20049	-56.24915
-88.55456	182.05409
-88.53641	182.05993
-210.73136	11.83177
-164.30057	130.80499
-210.70624	7.54382
-198.63004	-59.62859
-113.66372	-148.37289
-56.85375	-156.36496
-205.71568	-35.83550
-42.20425	189.52369
-36.69102	-152.66237
-209.94634	-3.72069
-209.94647	-3.71171
-209.55158	-9.33593
-180.78181	107.78565
-199.05400	-56.47663
-201.46636	62.41019
-167.93978	125.36483
-101.41053	-151.34514
-101.32118	176.46067
-156.62374	137.96139
-119.53314	167.06276
-70.01647	186.06499
-123.95123	-141.87707
-209.11907	14.93948
-55.65970	-154.85624
-107.62489	-148.20227
-63.82418	186.97080
-150.04826	-123.94371
-196.94736	-56.49655
-196.94602	-56.49581
-180.46172	-88.64567
-185.44330	-80.37968
-102.74351	-148.45708
-123.69316	163.14333
-123.69602	163.13933
-207.98696	8.34588
-205.77857	35.69551
-106.45452	-146.85432
-195.33122	-57.71446
-79.52817	182.41370
-194.08988	75.78856
-194.03428	75.88214
-64.91845	185.75959
-64.91333	185.75625
-198.22962	-48.30331
-198.20209	-48.16075
-198.27795	-47.85842
-197.99502	-47.82993
-197.99134	-47.83879
-197.97939	-47.86522
-197.96442	-47.90229
-186.03616	92.66435
-192.86126	77.57788
-192.86282	77.57357
-199.60474	-41.32135
-170.37214	-98.59515
-70.63091	184.12104
-168.69543	-100.19948
-66.39294	184.93701
-205.19376	22.64660
-100.12386	173.88411
-140.98349	148.10556
-204.97623	23.44835
-193.79781	72.85689
-113.03311	-140.92876
-179.40773	-83.34966
-121.11196	-136.75621
-103.96413	-143.93561
-203.83514	28.43448
-180.26789	99.57253
-180.34716	99.40031
-172.55321	-91.50577
-63.24427	184.71564
-144.25933	-120.78803
-199.66165	-31.84057
-204.06442	17.42314
-204.04942	17.55495
-204.05074	17.49883
-204.02973	17.71777
-130.08776	-130.36714
-85.93788	178.55974
-50.74212	186.45942
-50.71484	186.44211
-50.71679	186.44021
-50.69213	186.43068
-67.75921	183.61564
-181.27169	96.67706
-107.53226	169.03986
-176.65885	-84.15814
-46.62068	-149.65852
-131.38869	153.86957
-131.42522	153.82725
-202.89267	24.14792
-155.15067	132.36339
-202.36660	27.57140
-202.36549	27.57218
-135.02933	150.56574
-195.48826	-40.92025
-180.72451	-74.79652
-99.98372	-142.20908
-162.75454	-99.84051
-201.75624	-4.47730
-201.75381	-4.49365
-201.75268	-4.49116
-1.45981	183.36405
-143.86896	142.22029
-195.13643	-39.38708
-151.92051	-110.49114
-199.05091	-23.09589
-167.00661	-93.93842
-201.62552	-0.81677
-179.10724	96.92266
-49.47966	-148.60162
-173.76323	-83.75361
-199.04266	-19.24706
-195.02721	-36.75700
-61.78085	-148.18342
-201.25517	13.47005
-199.24752	-16.48987
-124.93547	-129.23963
-190.96956	-48.49577
-82.68086	177.95890
-90.50227	175.01419
-153.45147	-106.37259
-153.45301	-106.36678
-195.12512	-32.22158
-193.83108	-36.76442
-53.77192	184.61387
-193.82296	-36.53773
-193.81809	-36.54286
-193.74989	-36.71698
-117.64075	-131.89440
-188.93037	72.08366
-175.82174	99.87562
-196.64544	44.64390
-116.51383	-132.16648
-199.81060	4.15045
-175.70596	-76.96485
-67.04313	-146.65997
-183.61798	83.98990
-191.37906	62.67023
-187.92058	72.54954
-151.67270	-105.75022
-197.15034	-14.56117
-197.15200	-14.17128
-188.84827	69.40359
-198.13186	-6.02817
-186.13557	-53.93541
-186.30328	-53.08792
-186.30014	-53.07409
-66.33353	-145.77590
-170.22281	-82.60415
-108.52952	-134.07391
-179.69026	89.72448
-179.70686	89.63240
-128.39241	-123.12442
-193.58056	-28.67625
-128.45110	-122.99189
-197.71974	1.81050
-163.95897	114.97486
-192.78254	52.14194
-192.77181	52.16836
-192.76974	52.17566
-192.76004	52.19944
-179.88372	87.82433
-136.73255	144.30051
-197.41162	7.30668
-155.16572	-99.09854
-174.17085	98.33871
-193.51954	-21.61698
-180.91697	-59.57155
-195.94079	24.96867
-149.70607	-103.09241
-103.65289	166.11112
-170.27299	-77.32625
-170.92798	101.25233
-185.44587	-43.62476
-189.89489	53.48533
-119.10341	155.59620
-193.58604	-3.22049
-165.17682	108.25600
-144.40777	-104.38971
-144.43474	-104.35317
-144.46346	-104.30887
-180.56940	-52.70633
-144.08665	-104.09594
-187.60480	57.24420
-136.54415	-110.24132
-60.83946	180.74776
-191.19653	-9.88186
-146.91563	129.79001
-119.27465	-121.65470
-191.69437	-2.61581
-129.67781	-114.24452
-177.85110	81.62905
-177.84478	81.62221
-177.83548	81.62134
-172.79618	92.17075
-49.43681	182.64633
-177.15967	-55.24537
-172.00292	-64.74870
-151.57996	123.13591
-185.70690	56.92743
-141.31400	-103.31684
-153.64246	120.44256
-144.56083	130.91070
-175.73447	83.87481
-188.01914	44.95341
-175.33584	-56.04694
-151.30731	122.85054
-32.74001	-142.60779
-112.42127	-123.12941
-173.43504	87.62968
-190.13628	11.23451
-188.97524	33.14829
-166.76879	-69.91127
-150.88493	122.43261
-82.81143	172.47489
-82.84195	172.42329
-47.60596	182.32683
-82.84681	172.37695
-82.86376	172.33295
-174.52871	83.47993
-89.61308	169.30540
-189.16119	4.52976
-174.47500	83.52648
-32.46823	183.99994
-93.13981	167.25822
-162.97309	103.93070
-188.68304	14.89212
-174.62258	-51.51671
-187.29890	34.88164
-95.53258	-129.46003
-183.24188	55.22917
-183.21233	50.91132
-170.94342	-55.28825
-170.93646	-55.27687
-170.93042	-55.26964
-103.24984	-124.18955
-174.09981	78.40111
-186.48425	20.39430
-53.19306	180.31698
-165.54509	-63.88701
-151.79991	-83.68494
-128.82636	-106.71242
-94.82640	164.82871
-185.36482	21.97399
-181.23597	-21.24550
-181.23607	-21.24355
-160.33594	103.37443
-152.14300	115.21462
-185.11043	12.45622
-185.09335	12.44996
-145.12276	123.89416
-11.87051	183.85308
-11.96023	183.85564
-145.03302	123.92684
-11.88684	183.84922
-113.87997	152.56964
-145.04795	123.74247
-145.01839	123.72916
-151.59347	115.27555
-144.78815	-89.53342
-46.81174	-139.62192
-172.54248	77.49734
-184.21268	8.12570
-43.00266	181.70429
-153.77879	-77.81204
-181.03197	-15.91139
-91.93371	165.52324
-91.74905	165.61332
-91.60937	165.67369
-91.61449	165.64114
-91.74545	165.57267
-162.07414	98.15343
-91.07306	165.74603
-162.91147	-62.53389
-140.01141	-93.02677
-74.77601	172.72399
-40.46271	181.82384
-27.25073	183.28635
-27.24778	183.28540
-121.15148	-108.35566
-181.62295	30.28021
-58.34891	-136.63633
-160.51432	97.90028
-160.52275	97.88403
-174.18660	-32.22137
-101.40083	158.93451
-152.31592	-75.24238
-164.59408	89.14050
-175.93368	-23.64548
-167.73062	81.56585
-146.33229	117.90327
-124.94866	-103.34177
-157.55667	-64.76185
-82.27836	168.43699
-167.56256	80.45417
-99.97591	158.99972
-180.07612	20.89964
-178.24521	41.59497
-151.54827	-72.53702
-179.31839	16.88889
-170.70511	-34.08677
-170.70341	-34.08567
-179.30687	16.73734
-179.30501	16.79928
-59.45326	176.61667
-98.51580	159.22353
-178.74182	24.20623
-115.50471	-108.47311
-176.42258	-9.78611
-176.42236	-9.78385
-124.47242	139.40508
-95.03240	-120.93067
-148.26163	112.07847
-108.89055	-112.01816
-88.40219	164.24203
-84.51859	-125.20345
-140.02705	121.16397
-146.97119	111.64131
-131.13845	130.85961
-175.94919	10.73226
-131.07644	130.86644
-139.26175	121.40387
-56.47493	-133.87243
-175.74493	17.75297
-47.15625	-135.81117
-148.19992	-67.98322
-174.27258	21.66322
-174.03346	13.14208
-173.78829	11.42116
-173.78788	11.41449
-26.40732	182.09158
-120.37590	138.70964
-151.77504	98.80026
-170.06417	-5.80429
-170.37401	43.51309
-170.37396	43.51325
-133.12043	124.79577
-128.12938	130.32275
-68.73154	-127.96356
-106.80690	149.29294
-153.09832	94.77005
-125.45681	132.77470
-125.39429	-91.33794
-160.09374	-37.22848
-169.90499	7.77403
-102.44267	151.65904
-167.79810	46.13381
-167.79639	46.13343
-136.12374	118.71980
-132.48004	123.14231
-161.15510	70.91773
-142.17105	109.35253
-155.62430	-42.55387
-134.26738	119.40650
-167.95953	26.57156
-164.62537	-11.58287
-53.66243	-130.90051
-108.52377	-101.83529
-107.59822	-102.11215
-69.68187	168.95313
-136.05068	115.67986
-135.95856	115.79827
-165.01730	45.15589
-136.30955	114.70551
-136.30805	114.70104
-133.15928	118.62902
-105.31130	-102.71291
-133.42042	-74.16918
-131.18663	120.77308
-165.34704	33.60759
-163.21306	49.27203
-120.37964	-88.65137
-165.11898	14.55612
-4.32734	-137.91820
-33.64108	-134.87175
-84.47790	-115.87721
-161.54310	-9.90297
-133.93858	115.16920
-104.91272	145.78269
-163.45203	33.68737
-104.76264	145.80829
-162.95759	6.95204
-162.93496	6.98824
-162.90948	7.02562
-133.45067	-70.13110
-133.45490	-70.12468
-136.83269	109.79011
-136.82658	109.79700
-108.82523	141.84297
-152.77727	78.24458
-148.89367	-42.42425
-58.67104	172.09138
-134.43764	112.85558
-60.38871	-125.96279
-115.23756	-88.92656
-113.16172	-90.91684
-159.43634	-1.96366
-159.43126	-1.99048
-159.42944	-1.98629
-136.20853	108.45788
-51.27511	174.36457
-157.00108	-13.48962
-61.08306	170.59888
-61.09336	170.57049
-160.00127	37.27788
-120.49773	128.31221
-107.38782	141.44895
-145.67568	90.10392
-110.40616	-92.39581
-113.62835	135.20648
-120.60312	-81.10707
-120.67180	-80.87201
-157.36695	-2.51666
-144.71292	89.67115
-140.59492	-50.70919
-159.02277	22.87089
-117.19335	-83.23577
-157.88598	16.15869
-120.71254	-76.95731
-120.68912	-76.94564
-68.50032	165.87497
-148.94416	-24.80264
-130.03246	-62.99179
-139.78818	94.12847
-139.78957	94.11726
-155.68919	19.54634
-155.68604	19.52351
-155.68339	19.50458
-129.39657	-62.16640
-144.68084	-31.97975
-144.66280	-32.01669
-144.64506	-32.04432
-129.39135	-62.08271
-129.38721	-62.04945
-129.38277	-61.99630
-94.59373	148.48572
-146.74035	74.68827
-149.97414	-13.83792
-149.96526	-13.83428
-53.90669	171.48271
-85.47137	154.56981
-85.46637	154.57136
-94.34996	-99.70504
-55.69070	-123.71009
-150.29977	55.35275
-152.18680	32.78220
-152.16664	32.87385
-152.14337	32.93523
-151.21037	43.90273
-88.11009	151.90075
-108.46603	133.94865
-113.64286	-78.76667
-140.30712	-34.01574
-134.82477	96.11393
-150.48468	7.59186
-143.16977	74.00979
-106.89534	134.42795
-47.37388	173.21375
-106.87310	134.44150
-106.90652	134.39923
-106.85881	134.29327
-114.18596	-76.01389
-114.68614	125.26218
-106.96239	133.91962
-148.38924	48.58116
-141.23076	-25.67678
-128.83712	104.21432
-121.81190	115.00153
-109.76880	-79.78440
-148.89495	16.54543
-148.86848	16.51130
-148.82889	16.47721
-148.80725	16.46543
-141.21715	-22.95178
-124.78102	-58.56871
-120.72589	115.84021
-120.74084	115.80806
-120.74743	115.78971
-57.02256	-120.81032
-35.77842	-129.76149
-131.57811	97.16026
-135.78115	-36.19206
-126.67563	105.92691
-40.94329	174.87200
-105.52857	133.44718
-105.44080	133.49419
-105.33847	133.57888
-105.33935	133.57044
-147.63007	25.84580
-145.41811	51.89639
-145.77664	5.40567
-141.82278	66.95853
-76.97161	-107.67679
-114.40897	-70.79943
-46.91861	172.49105
-146.38970	36.60448
-146.38348	36.58351
-146.37327	36.56622
-145.37485	44.53832
-130.76506	95.03319
-146.25432	22.33778
-108.94816	128.36806
-120.81177	-60.12748
-130.56849	-41.44528
-132.48839	-36.61832
-111.27110	124.43801
-100.46075	136.49133
-124.93201	103.85264
-124.88269	103.88954
-124.88536	103.88104
-107.49732	128.69020
-124.82096	103.91106
-142.61330	1.50371
-111.65416	123.46495
-104.69480	-79.50753
-78.07443	-104.77980
-142.77760	47.65440
-141.77256	54.27676
-137.10116	73.26423
-140.66976	-4.56697
-63.00287	-114.89262
-41.66754	173.72714
-142.33269	44.92707
-122.88505	104.96246
-122.66700	-51.69581
-98.16582	137.39581
-141.51367	6.30936
-119.35917	110.42429
-112.31960	-67.47441
-141.82798	10.99244
-126.96757	96.32311
-117.80358	112.55129
-40.36351	-126.13974
-142.07108	14.88647
-138.46029	63.45123
-112.23820	120.39845
-110.42138	122.73326
-141.49031	11.33854
-113.59355	118.18528
-141.95603	31.23183
-141.61384	22.06391
-120.89768	-51.77327
-133.82372	-21.10027
-141.22365	32.29715
-138.81024	54.80200
-105.47389	-74.01006
-92.97699	140.72434
-136.64562	64.00546
-78.77344	-101.42525
-78.77088	-101.42429
-107.29410	-71.05611
-63.65600	-112.33568
-136.26923	61.83602
-139.14880	13.78742
-115.36902	111.86643
-108.21172	122.20616
-106.57092	124.24457
-115.15807	-57.15021
-134.68549	65.37833
-138.91629	24.23347
-136.98864	5.17673
-131.05172	-20.50481
-131.16023	-20.03425
-51.60883	168.31377
-138.04146	22.55936
-78.12495	151.79535
-135.80197	53.18693
-127.54030	84.07096
-55.89364	-115.78685
-110.61569	116.71469
-115.01866	109.81042
-113.84176	-56.11246
-103.45790	125.94688
-102.38411	127.12409
-132.94611	61.82219
-94.16405	-82.05035
-134.99269	47.79397
-99.12319	130.43373
-107.96726	-62.95784
-134.83832	15.65524
-134.19599	11.79028
-77.31746	150.75336
-103.30623	123.88994
-65.93910	-107.18149
-113.74395	-51.05918
-113.72627	-51.07307
-113.71598	-51.08079
-134.00016	19.50432
-108.15784	116.68299
-111.57556	111.24920
-113.41761	107.35514
-97.15840	130.46611
-117.70650	98.75222
-132.15987	48.89422
-120.23218	93.10587
-119.06179	-37.44425
-124.17728	81.85422
-132.63511	36.93763
-121.58465	88.42504
-105.34385	118.76800
-132.11972	40.65537
-105.34015	118.73145
-118.10174	95.96844
-109.01753	112.88584
-20.58770	-131.55456
-115.14421	99.78860
-93.06254	133.04453
-93.00976	133.06606
-92.97276	133.08974
-111.03077	-49.30174
-119.79307	88.64003
-81.84998	144.12802
-108.18876	-53.03327
-117.69056	-32.73705
-128.87918	13.95225
-86.35450	-83.95224
-116.17266	-35.67860
-116.14801	-35.68422
-124.84014	68.56497
-114.78184	97.35107
-114.54027	-38.59470
-113.39997	99.96304
-107.17353	-52.43818
-112.01073	101.75850
-128.43637	29.19522
-127.69743	20.71888
-109.37025	105.57143
-126.18378	10.39884
-126.99003	29.62145
-97.18745	124.02277
-113.43662	95.81044
-107.67021	107.33169
-120.83664	74.56347
-126.17624	20.11650
-108.96177	103.56614
-108.97542	103.52860
-108.98013	103.50888
-108.99074	103.48690
-121.31666	-8.07485
-69.13986	152.39575
-106.13268	-48.70727
-59.28896	-106.40042
-124.53011	23.15423
-111.08969	96.79960
-109.77174	99.62347
-56.31464	-108.50036
-93.92598	-67.76770
-114.88485	85.48635
-119.46946	69.01327
-118.14423	-11.60105
-115.05834	83.69058
-115.05471	83.68360
-106.83297	103.25376
-110.82411	-33.12872
-120.13470	-1.06235
-108.17450	99.32614
-79.14046	-84.77675
-103.13514	109.03823
-106.52165	102.07003
-101.87445	-50.48675
-101.88579	-50.41756
-115.17700	79.32966
-121.46382	18.85269
-112.08726	88.31260
-121.44640	18.86198
-115.24634	-14.04865
-114.93977	78.07369
-105.15362	103.09837
-105.15228	103.09912
-115.72166	74.43930
-115.70783	74.40662
-108.39682	95.38767
-120.51274	42.30174
-110.16928	90.13441
-113.75731	79.46611
-95.45146	119.19412
-65.67498	-97.10287
-87.33467	129.64762
-112.51352	80.74938
-81.19394	-78.91764
-102.61743	105.20083
-94.54821	118.82629
-117.34387	55.69347
-107.88898	-28.68926
-116.22416	3.52587
-117.43146	51.62477
-113.30151	-9.69260
-107.02660	93.29885
-106.85224	93.46729
-91.92635	121.75880
-92.22400	-60.76181
-102.70089	-39.95669
-96.06200	-53.50288
-41.20861	-116.41215
-110.19731	81.96257
-95.59743	-52.87707
-79.45939	-78.32839
-107.80396	87.79559
-84.26331	130.84810
-112.54224	70.08195
-116.41689	38.92527
-105.79817	92.14953
-105.78167	92.16482
-98.30046	108.47914
-110.92303	-10.14545
-95.28222	113.71336
-103.83288	95.59843
-112.30512	67.25737
-107.65090	84.39320
-111.16744	71.58991
-114.35250	53.23714
-110.25114	75.02383
-101.26684	-36.37618
-113.92383	49.33370
-114.42025	33.47069
-113.89276	35.93128
-113.65217	28.17985
-110.10629	68.46092
-110.08571	68.40598
-109.89227	69.10701
-109.99814	68.45009
-110.11747	67.57158
-109.77180	69.09394
-109.82114	68.48658
-112.08417	12.01462
-109.91817	67.95683
-100.95424	-33.01053
-109.89505	67.88939
-109.97399	67.46051
-109.87727	67.78167
-109.87021	67.66660
-109.59353	68.97965
-111.23877	6.77248
-109.80339	67.84316
-109.69243	68.23931
-111.18117	6.84426
-111.19528	6.95413
-109.77173	67.68175
-109.58909	68.54200
-106.54682	80.78224
-109.51596	68.64302
-109.52523	68.59270
-109.62720	68.05117
-109.56744	68.19767
-109.46537	68.62483
-109.47447	68.56045
-51.42505	160.07937
-110.51559	62.90445
-109.49264	68.29992
-54.23947	-103.00241
-109.32200	68.99996
-112.75128	41.84053
-109.36803	68.58970
-109.17426	69.28338
-109.21812	68.85914
-109.35642	68.04276
-109.15555	68.89225
-110.81765	7.12514
-110.80160	7.09234
-109.31088	67.91924
-109.29205	67.79994
-110.75287	7.43773
-107.94689	-7.55237
-109.22119	67.94204
-108.93198	69.16065
-108.93382	68.76132
-108.90831	68.81904
-108.92640	68.71245
-108.88662	68.74369
-110.45036	7.22901
-103.41108	88.54029
-71.52358	-83.44760
-110.28427	7.56321
-110.21431	7.50758
-110.13454	7.18635
-105.73995	78.93359
-100.23306	95.44227
-98.55357	99.42628
-110.14178	55.96066
-106.10522	-9.77537
-40.54945	-113.96580
-78.29649	-72.77823
-110.16152	20.63611
-108.58440	58.85257
-97.64151	98.73303
-109.08657	13.71248
-97.61617	98.74185
-109.06032	14.05746
-102.97415	83.54953
-105.77449	72.75357
-107.98217	7.22728
-109.02008	15.70315
-109.00356	15.62848
-108.98855	15.66691
-108.95443	15.62978
-108.95884	15.74663
-108.94827	15.66169
-85.02033	122.33106
-81.72422	126.87517
-96.99519	-32.88450
-102.37005	82.72666
-106.97833	61.85653
-108.97524	39.29731
-100.55276	-17.75563
-58.54817	151.66062
-105.23709	61.75868
-75.25437	-72.27002
-87.53627	-49.77753
-101.11321	79.21671
-79.01440	-65.08571
-106.43008	34.99190
-87.86690	-46.93660
-98.79452	83.93150
-104.18769	57.58555
-101.97093	-1.84591
-92.16184	102.05824
-99.52118	80.23286
-96.23149	89.32876
-104.64839	37.05908
-102.17823	64.27056
-103.82848	19.17019
-88.47508	106.92252
-103.18607	48.92938
-102.31088	12.72895
-85.35331	-47.44509
-90.94289	100.48174
-102.07592	52.39136
-87.71988	-40.19421
-99.57760	63.59643
-100.20693	58.17914
-100.88219	47.39074
-77.67415	-58.37443
-56.85214	149.34455
-44.03495	-105.08668
-19.45032	-126.11656
-95.78459	-6.42237
-81.02040	-50.59332
-96.78362	69.90370
-82.89004	-45.41242
-97.13322	66.42535
-80.78322	115.61344
-79.28390	-51.91418
-96.60473	64.58343
-52.94680	152.11612
-90.50914	-21.27440
-91.81920	84.43758
-96.30467	8.71976
-95.50487	4.00545
-94.84783	69.28102
-97.43360	24.26489
-96.31147	58.93750
-96.55640	56.71457
-41.26684	-106.24507
-74.95041	122.88433
-94.77332	66.95179
-91.77621	-11.05231
-27.43969	-118.97516
-37.80526	163.96526
-94.16173	61.78178
-94.03773	61.77072
-64.34270	-74.19587
-84.34667	-31.08274
-90.57701	78.91394
-57.17568	145.35090
-13.33196	-129.40568
-40.25903	161.28734
-40.25672	161.27394
-75.83918	-49.77161
-90.89836	71.58160
-74.06699	-52.87800
-65.29016	133.70089
-61.56940	-76.00300
-93.12262	46.54404
-25.91361	170.96384
-92.34679	52.78122
-91.91669	56.50459
-84.80639	-20.78287
-72.66582	-53.79909
-72.64615	-53.79095
-72.64263	-53.78985
-72.63132	-53.77852
-81.74565	-29.68522
-85.92795	85.52558
-64.68204	-68.82803
-90.92063	54.91782
-56.04506	-82.73385
-91.62436	33.79737
-88.30684	70.73301
-83.32912	90.56394
-78.02142	105.23475
-82.49892	91.53840
-76.83926	107.38678
-89.82090	28.39427
-89.01070	55.43827
-69.63326	121.99041
-53.67289	-84.00097
-84.12043	-11.15217
-52.54547	-85.45710
-84.67730	79.96642
-71.62442	-49.55245
-71.60039	-49.54636
-87.69121	11.75344
-71.57992	-49.53280
-88.45237	26.85686
-80.91106	-20.37651
-79.56364	94.74012
-65.42938	126.94903
-27.96270	168.30827
-83.29320	77.28760
-85.28096	65.12698
-85.27861	65.13145
-86.60055	46.72232
-85.52026	58.60719
-86.30070	42.24789
-86.34153	38.67330
-85.78216	41.06533
-85.59762	30.18256
-83.75204	65.31073
-83.62737	65.14649
-23.39900	-118.42339
-84.69154	50.23971
-84.98336	34.66610
-77.89248	-18.15077
-77.91206	-18.05990
-77.87351	-18.19317
-77.80205	-18.45661
-84.53854	47.87382
-12.39443	177.26149
-78.76126	-10.15917
-18.61493	-122.56114
-32.03392	163.80708
-83.12585	49.65490
-72.33895	-32.54786
-72.33669	-32.55165
-82.32131	45.93997
-78.64531	74.19753
-78.64305	74.19405
-81.54755	41.21391
-50.21285	143.01661
-58.53142	-63.58584
-81.04702	39.26848
-75.15116	86.71569
-80.67224	37.35943
-80.66406	37.37550
-78.24494	70.28378
-80.28130	26.41218
-76.04204	-7.40198
-23.43273	169.65261
-49.74860	142.71008
-60.45627	-55.88351
-60.44545	-55.90709
-60.42979	-55.92903
-74.04680	-11.07525
-78.51333	21.03159
-78.30481	56.65051
-78.87847	39.86153
-46.68874	145.70653
-73.65122	-8.59507
-62.61025	116.94824
-75.90208	66.92401
-39.77321	-93.22871
-43.52448	-86.73818
-74.46283	72.94192
-46.88808	143.95092
-35.60878	157.51024
-72.93378	-0.98637
-53.14650	132.98214
-53.14528	132.98373
-71.87316	-2.81745
-71.85130	-2.88809
-74.37698	57.54197
-62.73130	-39.39844
-74.53697	31.52463
-32.35493	-101.89703
-66.48398	-23.53987
-66.46039	-23.54203
-66.44731	-23.54140
-73.92746	43.87046
-51.21770	133.07592
-51.21415	133.07195
-33.17953	158.06454
-70.23995	74.60083
-69.28671	78.61051
-69.27746	78.63249
-69.26540	78.65770
-49.58069	-68.84936
-63.22208	103.44758
-63.20119	103.44946
-58.64029	115.70844
-34.42243	156.28301
-71.68055	25.29096
-69.31976	5.44044
-68.41531	1.62501
-52.04920	-59.68180
-63.73943	-20.60604
-58.52909	112.04270
-55.45937	119.82994
-69.72478	26.43378
-65.78261	80.50016
-65.63824	-4.50414
-55.58163	-46.12732
-24.88305	164.90812
-24.87970	164.91047
-67.95237	19.81581
-68.49462	46.75152
-53.41724	121.12376
-62.52989	-15.10361
-67.06613	51.86300
-67.05814	51.86779
-31.91310	156.28160
-54.93067	114.38828
-66.22670	57.67283
-59.38806	99.02000
-53.34930	117.74178
-53.33950	117.73894
-25.52862	162.99924
-65.51093	22.67221
-46.67090	131.31108
-52.37772	-46.11412
-52.35619	-46.10390
-58.26568	-23.51673
-64.44677	56.79306
-62.04138	0.79495
-37.42547	-82.11620
-52.26014	-41.35756
-52.25140	-41.34788
-63.08495	26.41188
-39.17692	-77.48670
-61.02479	3.33292
-61.01818	3.33399
-58.61471	-10.35775
-60.72818	67.03905
-61.51457	54.39100
-61.17459	59.31921
-60.83242	60.96166
-59.91945	8.56357
-60.85049	57.74868
-52.65068	106.01944
-52.63648	106.05809
-60.82665	26.57970
-60.95678	49.92835
-60.11282	24.26826
-60.11131	24.24582
-60.10924	24.28979
-59.42379	58.27306
-29.68938	154.35045
-57.32707	77.51529
-59.51197	53.34573
-47.59709	-45.70523
-55.14142	-9.24431
-56.91804	4.78016
-58.16980	59.61797
-51.96666	-25.00617
-36.54871	-76.15696
-52.85069	-19.63117
-53.15250	-16.98676
-57.09921	33.05419
-55.93898	18.06244
-52.82693	-6.92162
-51.04644	94.58553
-49.36035	100.10901
-43.41291	-48.10435
-54.16204	64.74918
-46.98989	-32.62586
-54.52585	24.91843
-53.79548	16.01419
-11.52304	173.43510
-54.43718	32.46431
-24.48743	157.92764
-43.49433	-44.38647
-39.85151	127.65674
-49.37641	91.01687
-50.52346	83.21000
-49.86132	-5.78857
-12.75330	171.72223
-12.74903	171.69161
-21.73526	-102.02394
-50.35620	76.49534
-45.46222	103.55104
-51.17387	16.22308
-51.61555	33.51589
-51.32924	50.02373
-47.15833	92.05028
-47.13283	-8.92453
-46.95075	-9.61731
-34.42945	134.89719
-34.05552	134.98124
-33.83840	135.09216
-35.08209	-61.65329
-35.82041	-58.94884
-33.59945	135.11606
-45.23451	91.37731
-48.55243	54.86019
-9.24303	174.44922
-45.18593	-9.37471
-37.85072	-48.46388
-42.22078	-26.84170
-42.49658	-23.65237
-46.34104	34.33266
-45.63109	49.94178
-44.16689	6.45232
-39.38207	103.43559
-38.86012	103.18719
-43.13717	58.60026
-32.76471	125.34309
-32.76378	125.34340
-24.40940	147.73795
-40.38886	-5.88436
-41.80131	10.08649
-38.90347	89.44337
-41.80178	50.80726
-24.90613	144.34351
-39.84003	77.99594
-39.81227	77.98051
-41.30406	28.38354
-39.79193	77.97412
-41.29756	28.38219
-33.79040	-36.98079
-38.13376	-4.73307
-39.37117	14.61213
-30.26844	124.75847
-38.72472	9.34087
-38.72356	9.34713
-38.71717	9.37110
-38.71065	9.39402
-38.70858	9.39907
-30.86121	-47.88398
-30.82583	-47.86741
-30.79804	-47.85115
-32.75036	111.90049
-37.73244	18.86117
-32.31047	108.06435
-34.47235	94.20876
-29.09219	121.94919
-29.63927	118.01221
-36.71702	56.43167
-36.71450	56.43529
-36.57577	34.52203
-32.34425	101.33245
-36.27832	24.38425
-29.40738	-40.65205
-34.29962	75.22491
-29.36524	111.74743
-24.96662	129.25289
-24.96593	129.25227
-33.30525	66.80706
-27.33906	-41.69640
-27.33730	-41.67980
-32.53716	4.77288
-28.88869	-29.68167
-28.83650	-29.71158
-14.59360	158.62804
-26.43539	119.90169
-26.43490	119.90067
-28.75935	-29.76227
-32.85520	66.01877
-33.04856	42.77101
-24.47488	127.00044
-31.51201	74.86038
-27.02353	112.75615
-20.26027	-73.88037
-23.88562	-54.80589
-21.79155	134.73808
-27.45677	106.23164
-27.55169	-26.76861
-27.24014	106.32432
-11.98220	162.50181
-31.37198	37.30425
-25.42620	-40.14294
-28.35738	-9.98981
-28.53193	88.00181
-28.53154	88.00038
-24.07585	-43.94691
-25.37293	-33.04731
-29.24824	46.53829
-29.24616	46.53769
-28.01909	76.87393
-25.12684	103.41836
-26.11265	93.61729
-28.38682	40.11127
-27.59953	67.60858
-21.48886	123.60123
-27.52223	53.88462
-20.55106	126.68907
-27.50354	53.99058
-26.46727	64.70561
-26.46354	64.71018
-18.43554	134.17181
-26.51945	59.24941
-10.92524	160.37536
-26.34166	27.57477
-24.03293	-9.35832
-23.84608	-8.50494
-13.82105	149.39389
-13.81623	149.39541
-20.55500	116.06094
-16.20436	137.92416
-18.41969	125.57874
-23.51963	6.87194
-23.49218	6.86949
-23.70429	57.41503
-10.46281	157.79938
-6.60413	-114.39834
-22.75163	67.85604
-18.80489	111.54835
-3.96078	-123.88379
-17.98642	-36.03875
-18.87767	-20.88901
-17.97771	-27.89914
-14.39728	131.32775
-14.39585	131.32892
-14.39316	131.32909
-18.57612	92.72402
-11.39689	-81.55238
-5.77228	168.41771
-19.93281	43.26573
-16.35160	-9.94868
-17.49435	58.89257
-17.49435	58.89265
-17.31086	24.28960
-16.53350	2.73752
-16.72993	59.32782
-11.04205	137.92889
-11.04087	137.92668
-16.37378	70.88681
-10.98733	137.89775
-16.32103	17.20161
-15.44820	24.39738
-13.85577	96.93232
-13.85071	96.93437
-13.84532	96.93484
-14.06238	-7.95387
-14.20728	85.49501
-14.20660	85.49636
-14.70634	59.49360
-14.70559	59.49280
-10.11878	-62.51680
-10.60837	-55.22495
-13.36867	-6.98706
-12.10874	-24.46883
-13.49304	67.93554
-13.49205	67.93171
-12.72883	87.70241
-12.72769	87.69772
-11.82112	-20.03371
-12.45714	3.29495
-12.78171	21.24977
-9.98517	119.50383
-9.57688	-45.12613
-10.00975	112.21576
-10.00656	112.21538
-6.62034	-81.50946
-10.70969	64.58561
-10.70903	64.58288
-4.31336	-101.45703
-8.72276	110.36842
-8.33803	-39.12170
-8.48354	103.68869
-8.48078	103.68821
-9.51950	34.50799
-7.75478	112.67322
-5.02764	-79.62459
-3.84479	-93.05838
-7.06202	103.78873
-7.95896	63.72607
-7.91462	29.89267
-6.93213	65.57193
-6.92909	65.57272
-3.71194	139.04373
-4.90355	105.65832
-4.75538	-31.16364
-3.59808	138.96546
-5.41236	53.92255
-3.19153	-76.39804
-4.84518	7.78026
-4.65364	75.63042
-3.88672	66.78827
-2.89338	115.79922
-2.81848	117.41169
-2.81661	117.41236
-2.79797	117.43111
-2.79051	117.43669
-2.76590	117.46687
-2.76581	117.46587
-2.92982	-20.60955
-1.91864	144.64341
-2.79974	3.02956
-2.04664	-47.64511
-1.88586	129.87677
-2.11688	12.80891
-1.16447	-70.80910
-0.31580	147.81587
-0.41590	105.89438
-0.01974	-119.77325
0.71565	45.45019
1.05504	35.53348
1.14967	100.50788
1.15096	100.50903
0.94421	139.39360
0.94560	139.39400
0.65239	169.12005
2.23621	-8.60025
3.57578	48.99695
3.09299	107.06744
3.18308	-24.65283
4.36789	-26.41136
4.40351	-26.39741
1.03070	174.61274
5.32870	100.34108
5.33151	100.33429
5.35021	100.28113
5.36964	100.22727
5.82190	107.12433
5.82693	107.14072
7.10278	59.02283
7.13359	58.92576
7.16267	58.82802
7.69926	37.23117
7.70026	37.23196
7.59325	16.65431
7.73333	31.69651
2.10241	-115.21279
7.74124	15.27385
8.22382	51.06221
8.22483	51.06114
8.59224	64.89994
9.94991	46.43548
9.99866	46.44327
10.01643	46.43943
10.05639	46.44106
9.01164	108.75610
5.66420	150.77228
4.31035	161.00961
4.40483	161.01985
9.92702	-18.51798
9.93083	-18.50913
11.12812	59.88271
11.12814	59.88274
10.76298	95.00968
12.10184	31.71623
11.64155	79.02852
11.43853	86.68726
5.05037	162.96426
13.40204	66.37777
13.40278	66.37874
6.59302	155.90130
13.92149	80.65522
10.35398	133.75658
13.21793	-26.36807
15.31152	38.45743
14.03567	93.89327
14.03975	93.83706
15.34134	28.37295
15.81835	75.54366
16.29294	59.19805
16.29536	59.19598
16.83101	30.77470
15.99066	87.21003
15.99238	87.20988
15.99424	87.20971
16.01642	87.21710
16.03797	87.22774
16.04486	87.23011
12.46387	-57.04194
17.25807	70.40596
16.96071	92.88521
17.22977	-12.16187
17.26657	-11.91201
14.48195	-51.65712
17.24850	98.42385
16.22086	115.31797
16.22441	115.32310
16.22679	115.32617
19.82615	56.76592
19.91301	58.95015
12.82351	139.83904
20.22735	46.36964
18.10235	-26.34694
18.09561	110.28355
18.09608	110.29317
21.55172	27.46108
21.75132	44.16801
9.56810	158.52337
17.58638	118.87382
17.58807	118.87417
10.26207	-95.46917
19.58085	-32.35013
8.68069	163.12658
22.80064	76.29803
22.80113	76.29505
20.60090	108.93662
21.51641	105.80865
5.76634	171.93369
23.73737	84.77415
21.46558	-32.18267
19.54402	-53.22453
19.54443	-54.09764
22.10948	-34.27667
14.16184	150.37185
20.65319	122.40358
20.67379	122.36337
26.37112	74.25780
23.92187	107.19052
23.94814	107.19942
6.78760	171.26837
17.95748	139.85286
28.41394	29.40334
28.23937	70.72973
23.90604	118.16704
22.92901	-50.42302
23.31506	122.02119
8.68789	169.09832
31.30911	32.26271
31.87015	48.63694
27.74724	109.78070
27.13721	-37.84370
25.10567	-51.25731
21.51894	138.59322
21.52005	138.59177
31.94759	6.45266
33.13423	53.14306
33.23167	53.14192
25.17852	125.33880
25.19884	125.34329
22.84944	135.74888
30.16770	-28.60174
13.34852	-105.21888
32.77469	94.75592
36.96174	42.98854
37.11259	36.07276
37.11263	36.07286
37.50337	54.60349
31.86462	110.18034
15.56582	161.67966
27.40635	133.38365
39.12486	61.71597
32.08286	-41.85285
37.60488	-8.23794
25.24949	141.79159
36.36704	98.29817
30.79440	-52.16113
36.56621	-25.23070
35.40447	-33.39723
41.00935	11.51861
38.89716	-10.90000
41.02894	11.50446
40.97195	72.50083
41.39875	70.87901
41.40262	70.87227
25.65848	143.86658
17.93991	159.83966
38.35573	-27.44110
35.70875	-44.95163
40.64776	-19.63107
44.33780	69.52475
44.33944	69.51922
44.34169	69.51351
45.45455	33.16595
45.45508	33.17075
36.81513	-43.11522
36.80627	-43.16149
37.90915	112.88710
37.91017	112.88775
19.43988	160.60296
47.05614	27.29093
32.38705	134.95333
46.27580	10.20434
15.43686	166.98699
45.39867	89.17511
47.62099	71.30931
32.17553	-71.00090
44.25308	-20.48603
45.45548	-13.24427
49.28329	27.87811
35.78815	-60.17889
49.20366	18.64055
49.83426	58.88432
43.68302	105.56573
48.39443	79.27588
44.56405	103.29364
50.96192	51.13275
44.73913	103.09841
44.75651	103.10686
44.76598	103.11221
44.77120	103.11396
39.61004	-52.11176
50.62983	69.31396
51.87862	35.82245
51.87991	35.82381
46.28311	99.46376
46.28842	99.46289
44.13671	108.94961
43.28525	113.62983
43.28929	113.62244
48.11211	-15.31543
52.61030	24.83012
52.61240	24.83387
45.47624	108.54927
45.48016	108.54827
45.48338	108.54795
45.48409	108.54729
50.81240	87.28567
50.81854	87.28820
51.71887	82.96626
54.53550	23.83586
38.64043	-64.29640
55.32897	54.49738
55.02479	17.92249
55.39183	22.82363
50.22698	-22.19612
55.88063	57.98496
54.36286	76.00668
55.98778	16.88706
57.70696	40.04968
57.70912	40.04910
36.90651	-74.05018
58.43336	38.83171
57.17602	67.74795
46.60693	-47.01955
47.88888	-43.12462
57.61451	69.05375
47.90939	-43.11755
53.59560	95.72168
59.00887	53.73536
59.06978	53.79250
58.77446	65.88195
60.57302	48.91388
60.65500	29.00873
45.61492	126.08978
58.18087	-1.94553
58.68480	1.06406
31.76878	152.32100
49.80668	116.93350
61.88245	20.04582
58.13478	-12.58437
61.19173	70.97833
48.12576	123.73455
59.33053	-7.66095
52.09715	113.72261
58.86247	88.59048
58.86447	88.58918
63.33010	27.43294
52.91227	112.83599
60.05276	-7.96984
19.12698	-114.56370
38.81644	144.48327
64.55968	30.64005
43.95247	135.81426
26.00933	-104.68412
62.64914	-0.60283
54.84121	-38.22201
54.84017	-38.24173
34.82123	151.56290
34.82840	151.56255
64.92059	64.04117
65.83271	52.55068
41.91619	141.10432
66.32105	30.35682
57.65839	-31.36207
64.82730	3.56303
65.39405	72.72491
53.66764	119.00285
62.97814	88.33620
59.79627	101.96340
59.83252	102.01759
66.80533	67.64598
31.04429	157.97868
66.80827	67.65358
31.06103	157.97010
66.82765	67.68434
62.96315	91.27177
62.98551	91.26794
62.99854	91.26222
63.00209	91.26073
63.00344	91.26001
45.98909	-70.28185
51.87155	125.09880
61.57682	-23.56486
57.89753	-38.01099
57.04926	-41.06049
68.85676	25.01483
54.24626	-50.43831
52.21224	-56.26548
67.69938	2.29050
67.74805	2.27155
70.31433	53.61497
70.79605	26.36263
57.55279	-45.74321
23.36141	-112.85856
16.33158	173.07075
54.84274	124.74484
58.60152	-45.49105
63.15008	103.90493
61.65016	108.46534
63.19655	103.83917
67.87187	86.62957
59.07964	-45.00213
27.08708	-108.29755
50.70459	134.17379
46.90333	140.73610
46.90324	140.73625
67.81217	90.90661
70.90727	80.75508
71.49910	77.73898
71.50532	77.72261
68.26697	-20.04002
73.08421	6.41502
52.90346	132.49739
70.25634	86.47354
48.44130	140.09226
48.50557	140.08080
29.84329	162.75503
29.86944	162.75865
60.49011	118.12124
69.82007	91.00446
74.18491	4.07771
77.14428	35.17096
76.53763	17.09293
76.53863	17.09365
72.50063	86.87897
68.79073	-29.01570
78.55221	34.68958
43.34668	149.81631
76.10201	72.25870
65.22342	-44.39535
65.51844	114.18573
61.58820	-57.00855
49.52444	-81.17803
79.56949	68.51046
81.47923	53.10714
74.63160	93.96147
60.95493	-60.55728
82.13549	23.32656
82.13657	23.32625
81.44908	62.12902
58.52809	132.31754
77.75274	-11.47058
74.44683	97.17447
83.81597	32.87028
83.82873	32.87564
83.89486	32.96941
58.51766	-68.61516
81.76622	3.36088
81.78187	3.29088
84.45916	37.41007
82.53958	66.98627
82.86419	9.76860
82.56845	66.99148
84.66000	37.42532
84.69671	37.41909
84.75883	37.41128
84.85179	37.40950
85.13717	45.04478
77.06677	94.97473
77.06758	94.97248
66.84260	-52.87287
80.47210	83.94073
63.55250	-62.76863
72.64876	111.32622
72.65006	111.32633
35.94056	-105.77391
87.27219	32.10773
84.79228	69.75873
84.79485	69.75928
86.91238	51.96368
86.91421	51.94141
86.91700	51.97416
86.91865	51.98006
87.43152	52.02234
87.91415	45.06916
77.40633	-31.18877
78.27489	100.57469
86.60792	67.57529
86.61385	67.55833
86.61256	67.56717
81.33208	-20.99958
89.14613	28.65413
89.14957	28.65789
88.92851	50.58419
88.95180	50.57943
88.97056	50.57928
89.07558	50.73308
89.10781	50.57834
89.31254	49.11316
89.31337	49.10439
89.31662	49.11236
89.56723	50.43558
89.60058	50.38434
89.66145	50.56750
89.66372	50.56888
89.77201	50.35918
89.74790	50.73190
89.76188	50.55287
89.77454	50.57905
89.89438	18.89017
89.89709	18.89122
45.45378	155.20645
91.84441	28.19345
89.55082	69.23932
89.57698	69.24630
89.60856	69.25281
81.84740	-29.57113
81.84470	-29.60213
68.13777	-62.85715
91.47367	59.04161
29.50849	-115.59568
91.20182	1.03398
88.47739	-13.68738
61.88026	139.83178
86.88201	92.27939
94.09119	12.80985
87.44764	-22.24041
94.81364	58.34243
94.93037	58.30300
81.59987	108.85113
71.85424	-63.39494
57.67177	-86.10966
85.85228	-32.23436
74.12860	124.64998
8.99976	-132.73159
90.30974	-20.34701
72.93823	-63.44468
72.94223	-63.45355
89.50763	93.89578
74.25185	-61.95548
91.24350	-20.12926
73.80729	127.67337
99.64551	41.70160
73.81558	127.67415
66.18063	138.53764
100.20053	27.85132
100.20306	27.84808
97.03857	-0.70192
99.43658	56.29277
99.44329	56.29712
94.97029	81.79797
94.97368	81.79652
96.77552	-5.32905
96.79856	-5.34314
96.80448	-5.33209
96.82232	-5.32058
100.69235	47.47354
86.24202	-40.33573
96.65040	76.94417
100.00712	9.14295
100.00822	9.13984
79.37933	121.68877
79.38327	121.68906
83.41182	-49.49678
86.28087	-43.02211
86.28630	-43.02251
85.14413	-46.26001
100.62325	3.75542
92.97322	-28.89309
88.18346	107.60499
22.63746	174.66029
85.75254	-47.74088
73.26007	-71.90854
24.53358	-123.68277
86.79241	-49.08291
68.23663	-80.90564
105.93300	40.56158
107.05423	35.45211
55.31253	154.48624
14.01379	-130.85033
103.99425	-1.18019
107.35502	19.91090
98.67997	91.40236
98.68126	91.39915
102.21649	80.95243
102.24547	80.94398
98.09397	-28.36302
52.81235	157.59728
74.57113	136.42810
48.76722	160.67100
48.88822	160.64152
107.30697	66.09505
101.74102	-21.81950
89.81078	-52.43967
110.78570	35.45973
106.07980	-7.87207
104.12343	85.43190
111.55196	17.45084
81.02112	130.77053
81.02527	130.77602
110.74332	59.07774
79.92042	-72.69523
93.27371	112.69963
112.69703	44.16883
107.31158	79.05545
105.70804	85.44267
78.93174	-75.15808
113.73833	25.96656
104.60822	89.48562
104.61423	89.49445
81.98733	-72.08743
101.01165	100.69014
55.10758	-103.65765
105.35922	90.17890
111.80841	68.69354
105.89288	90.05856
114.73822	13.75726
116.10569	43.00489
90.54652	122.14649
90.51831	122.21840
105.58978	-29.94848
111.75340	75.18310
108.37602	87.04083
102.36340	-39.19766
87.02213	127.97045
95.73854	-54.06283
102.86126	-39.42766
117.77251	22.36933
117.78386	22.36725
117.79481	22.36400
96.18359	-54.16766
114.42062	-5.21529
114.58433	-5.34659
96.02193	-56.10550
96.20269	-56.44514
96.21140	-56.48061
100.70583	-48.20736
111.07020	-23.59540
114.46097	-12.07823
117.78333	2.44360
103.66928	105.07987
103.67103	105.07669
103.67302	105.07433
103.67215	105.07617
89.89178	-69.81628
84.33203	135.28076
84.33730	135.28223
72.77653	147.30313
122.27898	28.31809
122.27940	28.31856
122.01244	21.11861
94.17770	-64.81021
122.12160	49.25639
101.44704	-53.30497
91.71858	127.76039
101.37700	113.59981
122.64219	14.02109
122.64326	14.02082
103.24539	-50.55192
94.39601	-66.04296
60.24186	-104.93745
120.75389	-2.47268
120.75522	-2.47180
109.54854	-38.51771
123.86342	44.64720
123.86352	44.64741
116.70494	82.22775
118.30019	77.75500
122.13742	62.50510
86.60973	135.53513
121.79588	65.10648
93.55742	-69.37715
112.67827	-34.14211
66.23725	154.69415
119.50885	-14.70128
123.45968	2.02021
123.60718	2.01624
118.87096	-18.49474
123.83307	2.09326
108.90329	-44.58855
115.90755	88.71262
126.19081	21.29266
78.94474	144.44982
126.33674	41.41221
78.96911	144.43908
125.86596	53.36077
127.83527	17.27704
121.32501	-17.73417
125.69290	60.43822
118.74174	-25.86601
128.13734	16.45431
92.57979	-75.77646
73.04107	151.45424
124.64053	-12.80256
124.68567	-12.88266
110.53148	-49.67832
101.51337	-65.36212
70.32816	154.20135
70.32541	154.20343
129.04753	2.90093
65.62412	157.68840
109.59255	-53.22188
131.58875	23.81364
101.21888	-67.63001
130.60079	7.04149
118.72222	94.78884
131.11126	8.89797
131.11478	8.89607
127.89461	70.41184
131.69736	55.32742
128.02793	72.32418
131.74389	55.37789
94.11342	-79.62504
117.32770	100.71129
117.32793	100.71154
94.98151	133.72320
54.53536	-115.46011
131.71712	-4.58361
132.34816	-1.86129
135.30612	34.81856
135.30743	34.81682
118.98431	-42.96787
112.08693	-56.43073
135.46412	44.60334
121.49754	96.03110
104.48978	-69.33492
104.50367	-69.33462
122.15660	-38.43401
136.27151	38.23394
136.30794	38.31488
136.31028	38.30315
136.62436	29.42341
136.62446	29.42655
106.77789	121.43434
106.78816	121.45512
134.59217	2.27866
122.72323	-37.87678
122.72800	-37.87169
102.89392	-72.58851
128.10095	-25.82934
137.48228	27.44777
93.04595	138.48577
41.86032	172.46658
125.37204	-33.98496
125.37499	-33.97914
130.12915	77.74418
130.14120	77.70942
103.94050	-72.06928
85.15192	-93.37711
114.49137	112.04115
114.49209	112.04219
118.06785	-51.95015
136.04013	59.40155
136.04234	59.39758
137.69583	49.81323
127.74750	-32.03380
103.97012	-74.31417
103.96674	-74.33229
103.96343	-74.35015
86.64210	-93.62908
35.60861	-127.26385
136.59575	60.30311
115.80823	-57.80661
134.54373	70.26821
128.84621	-31.77372
134.07948	-18.56382
139.16888	51.84477
99.22905	-81.91410
119.49684	-53.64110
139.86503	6.83092
139.99710	49.33703
95.87342	138.52425
141.81469	28.04650
141.85615	28.05776
141.86744	28.02206
85.09318	-97.20360
131.14122	-33.38452
143.52811	25.27785
90.17374	-94.32184
42.84272	173.44423
76.28110	156.33469
144.29271	17.46539
144.29344	17.46679
80.01320	154.11884
134.26365	-32.36574
125.34645	104.66869
125.34791	104.66633
124.79286	-54.34214
103.20546	135.23920
103.20584	135.24119
40.29648	174.93971
131.03616	95.85810
106.21202	132.26865
147.69256	33.09262
139.25159	79.18048
146.25371	53.12385
41.07363	174.97374
137.73962	-32.75796
94.93445	-94.87332
148.08091	7.84303
145.56487	59.80399
79.04551	156.76183
35.85043	-130.16372
141.91304	-26.25758
63.17200	166.52155
117.80441	-72.42748
109.73001	131.85579
136.65828	-41.24603
149.61349	48.75522
113.82277	-77.65719
149.61741	48.86636
111.99602	-79.83678
113.79864	-77.70055
113.78683	-77.73404
108.02915	-84.34938
148.58195	-5.07372
148.58807	-5.04476
148.59344	-5.01813
113.54649	-78.34961
147.96675	-8.34391
144.64065	-22.04443
144.63925	-22.05637
150.21992	48.85082
148.14292	-10.24375
115.30905	-77.20697
152.81919	16.41853
57.37807	169.83650
114.42279	-79.35169
140.97022	-36.08373
110.95407	-84.37304
96.38108	146.49114
106.26242	-89.59531
152.51001	-1.96242
89.43962	152.38987
154.91321	32.13991
147.40260	73.71096
147.44105	73.62793
147.44258	73.62461
147.44038	73.65249
147.46870	73.57583
149.39542	-19.72082
134.53140	103.27876
143.14932	-38.30464
155.58480	6.37127
155.58889	6.36887
118.48448	127.15134
60.89832	169.55720
60.91601	169.55245
153.40226	-11.64412
153.40226	-11.64634
157.50654	24.18672
157.50802	24.18629
157.52474	24.19863
157.54722	24.21571
126.88641	-70.29091
157.08889	6.51994
151.80116	-20.65237
150.37454	73.62748
152.45635	66.91430
115.43974	-86.18515
158.23608	2.82382
159.59818	21.07486
159.60126	21.08188
159.60142	21.07413
156.95230	52.64600
146.40150	-40.39111
137.32816	-58.16171
157.07159	57.28465
132.01495	-67.89215
56.63435	172.38338
113.51241	136.14491
160.95507	13.50730
113.53186	136.15352
160.95999	13.48515
130.68407	-70.74351
161.46407	22.20804
134.16284	-66.29529
157.77553	-12.45865
162.00085	30.86298
162.00090	30.86276
106.26516	143.55953
106.25974	143.57071
145.97609	-47.96029
162.29012	8.98625
152.10329	-35.86405
160.16036	54.58297
140.85277	104.32609
109.95764	-97.26215
144.86195	98.96518
158.25754	67.21393
158.31201	67.28317
158.34763	67.26553
158.37486	67.20304
133.18147	-73.08959
164.72721	9.51685
164.18129	42.08661
164.75022	37.10706
126.79258	-81.96482
164.93324	2.83890
105.21844	146.97679
105.22061	146.97509
166.18869	37.20703
148.22546	96.55286
148.34898	96.64204
148.45690	96.71111
149.16277	95.50221
148.43833	96.98057
148.69062	96.57275
149.10437	95.90116
148.88660	96.32593
166.90653	38.67288
149.15643	96.18634
149.33493	95.90315
149.36674	95.84912
166.98874	39.88752
149.14626	96.38738
91.57341	157.83196
149.50285	95.85794
149.24833	96.44051
149.33398	96.32188
93.78939	156.53373
160.60291	-28.50994
162.13167	-24.75135
128.09926	-85.34833
157.26023	-39.46617
80.78948	164.69334
41.94704	-134.72233
168.25641	-2.43588
166.13593	57.16692
166.13496	57.18626
159.72613	-37.29080
124.37294	133.02430
124.37244	133.02557
131.71276	-83.65288
156.69671	86.12608
156.69966	86.12393
156.70042	86.12343
170.13139	3.09767
166.42201	58.68719
87.66008	161.61376
171.17115	11.11833
17.57186	-138.12543
162.73730	72.48822
167.92964	54.50862
167.94448	54.49127
168.12971	54.54963
168.13234	54.53912
168.21485	54.54841
168.23552	54.53961
171.86476	32.91725
141.36795	-74.37058
169.15184	53.45283
25.78326	-137.89399
169.45738	54.20375
167.25484	-23.81444
138.25748	119.91587
138.25695	119.91927
138.25043	119.93700
138.26222	119.93043
26.87859	-137.92459
63.53826	173.56580
63.56642	173.56605
173.74554	14.88218
173.74574	14.88383
171.75140	-6.29171
79.79988	166.92995
79.79786	166.93283
150.66046	-63.77656
172.79821	42.40652
172.12432	-8.48760
156.60624	94.08171
173.98294	-1.40482
32.28897	181.63515
32.28663	181.63823
174.03317	-1.45994
174.05541	-1.48228
174.05724	-1.48369
174.47417	-3.93144
173.77264	-8.72789
157.62976	-55.69833
140.05647	-81.90441
167.08797	-34.64626
167.09127	-34.68661
167.10582	-34.72943
167.12130	-34.79307
174.39614	-6.71579
174.32156	-8.06412
65.79297	-131.71393
177.28916	23.26076
167.58548	73.92004
34.23893	181.73215
78.94189	168.80433
78.92952	168.82195
168.42223	-35.62728
159.43664	92.99017
159.44753	92.98756
163.37705	-49.63125
172.80825	60.34030
153.58245	-67.99261
173.44471	59.33670
158.41282	96.80912
178.38124	2.48340
177.00471	44.63531
72.07354	-131.32127
169.63723	74.12636
175.34654	56.10496
169.49816	-39.74021
158.01154	99.44143
158.07510	99.36931
162.36915	91.44393
162.35973	91.46713
162.35116	91.49094
31.48265	-139.31223
180.34992	8.10236
14.00354	-139.36301
13.66084	183.59376
180.19633	31.60450
175.49619	-24.20462
179.67098	37.47778
168.91010	-43.90347
178.66284	44.51034
178.66581	44.50492
178.68063	44.47021
80.76110	169.43126
181.02239	10.55097
151.49157	-75.50774
181.17112	22.24248
97.83977	-122.19172
169.16015	-45.34031
99.13852	-121.75052
169.21995	-46.27992
147.64630	-82.15638
54.10454	-137.48091
175.22151	64.26035
175.22167	64.26495
97.56570	161.57629
182.44629	14.73480
172.00198	74.25220
181.08810	37.95403
149.19209	-81.10595
138.76350	-93.10011
147.04128	119.04025
141.22334	-90.58544
153.58952	-75.52600
178.36169	55.79406
178.37111	55.77073
120.96220	-109.45590
171.72048	77.00502
171.72106	77.00653
171.72020	77.01130
151.87540	113.55925
151.87074	113.56716
151.87084	113.56855
151.87431	113.56428
182.57589	33.84660
182.57776	33.84521
141.30290	126.86254
141.30712	126.86212
181.87832	41.17826
177.06530	62.72313
177.06736	62.72390
183.23693	30.59249
184.03195	12.30484
36.44406	-140.38117
147.26672	-86.40300
184.24276	24.42559
24.30377	183.74006
52.40564	180.11395
182.86266	-12.19355
89.61581	167.26210
103.77523	-122.57913
182.59559	45.75166
156.09108	110.05551
136.11303	134.50106
175.15278	74.11656
175.15761	74.11416
135.14074	135.83149
53.46408	-139.65209
106.63011	158.41788
186.38036	18.83553
90.23844	167.52255
168.90493	-58.17303
181.22624	-26.28104
154.33166	-81.34730
120.55301	-113.84649
105.51675	-123.16229
185.74082	-4.36295
153.59784	115.48549
182.10329	-25.03611
182.10368	-25.03503
186.85761	24.40920
179.09570	-36.75080
69.38514	176.31384
186.78595	-3.04890
153.96461	115.86183
158.93890	108.87163
155.26740	-82.47911
185.87639	41.11614
168.09999	-63.10204
30.83062	-141.66619
187.82315	26.43864
178.84595	70.06703
163.47456	-71.84377
184.08428	-23.12430
186.58095	-10.84622
156.97595	-81.54533
179.24232	-41.06851
175.22119	-51.42661
186.95259	40.99272
159.13658	110.36356
186.44898	-15.72361
187.58294	-9.85470
46.31553	182.41254
147.68351	125.59059
189.21352	-2.77507
189.21842	-2.77898
189.23186	-2.80011
189.24514	-2.82591
189.25120	-2.83375
189.90227	4.85797
181.24930	-39.70381
181.26189	-39.68710
187.32004	-18.99742
188.57419	-12.05368
155.86392	117.05147
190.43820	-1.48166
190.70972	-2.15516
134.79030	141.12858
191.82066	5.01860
191.28170	-3.66753
137.96540	138.60004
137.99041	138.58447
138.00688	138.57471
120.77212	-120.46666
120.73664	-120.52162
171.98089	94.50450
191.80369	30.40661
143.53671	-103.45046
29.02185	-143.20170
128.88737	147.33398
35.85220	184.60665
177.56762	85.14573
177.57257	85.13772
193.61434	15.72665
173.58615	-66.42825
95.95096	168.59320
95.93266	168.60613
95.93179	168.60791
189.38724	-25.72046
154.23685	-94.06260
154.23564	-94.13178
160.04498	115.20020
154.23305	-94.20316
138.41604	-109.78884
142.60426	136.06567
142.36333	-107.19614
194.08122	26.53691
131.44473	-116.57522
194.75574	2.43154
120.36264	-124.27405
191.64628	-23.17676
191.65113	-23.16218
141.66976	137.83549
178.19197	87.52379
193.93622	35.97603
122.68740	-123.30289
190.46283	-29.72691
157.70916	-93.33147
195.32256	-0.32537
154.86426	-96.91830
147.44813	-104.61856
123.01879	-123.52629
182.82728	-53.41356
154.00774	-98.06796
153.97504	-98.12907
153.94468	-98.18939
182.11695	79.96767
149.95156	-102.41509
127.42096	-120.92631
138.08085	-113.17005
124.99487	-122.62269
192.40235	-24.37089
124.86621	-122.74392
124.17074	-123.28577
153.59538	-99.21363
124.06808	-123.44474
123.97590	-123.50860
189.00814	-38.20869
192.16466	-26.60391
67.79291	180.40569
125.11015	-123.48180
190.70154	-34.39603
129.01279	-120.99649
194.37288	-18.68971
120.81619	-126.32456
126.40553	-123.04961
121.94487	-125.90329
121.94925	-125.92585
190.80610	59.23140
193.54729	-25.90790
126.93634	-123.18724
189.87641	-40.06506
190.87454	-36.86944
174.35802	-74.44182
122.68298	-126.03302
185.57401	-52.16212
129.85486	-121.56339
192.36434	-31.88791
192.38370	-31.91233
192.39389	-31.92200
129.97915	-121.55394
197.15348	-5.18628
192.41509	-31.95542
192.23163	-32.76363
130.04906	-121.57724
195.83385	-16.06605
130.16802	-121.53714
156.96631	-98.25451
129.46348	-122.06290
197.88152	18.42153
194.67248	45.12826
126.19479	-124.21764
125.44097	-124.70102
125.46812	-124.70748
196.97748	-9.10271
147.00075	-108.99997
198.04540	-2.13011
129.67099	-122.63753
172.60018	103.00280
129.71086	-122.71835
58.38419	-146.45860
197.76403	-8.08579
127.22176	153.06098
191.47390	-39.31204
191.43964	-39.44478
191.44850	-39.43258
133.70247	-120.45619
133.65020	-120.49558
139.17092	143.49826
198.25485	-6.49499
22.30389	-144.10655
133.12135	-121.11478
128.45481	-124.27427
128.45583	-124.28421
38.71551	185.82087
59.38738	-146.97706
197.87589	34.68481
130.89001	-123.36003
50.36143	184.88616
118.05533	160.05037
178.67352	94.38259
178.68837	94.37218
190.87550	-44.91077
127.69882	-125.93328
127.63828	-126.01338
127.42585	-126.19602
156.78004	-102.15476
159.24597	-99.63271
198.20792	37.11974
135.47541	-121.15038
30.76177	186.31028
132.02223	-123.61462
131.98639	-123.66711
161.53425	-97.43655
161.54856	-97.45707
161.56225	-97.45035
161.49652	-97.52931
164.23988	117.86613
129.77421	152.49718
129.77941	152.49588
129.78524	152.49375
133.87675	-122.64921
134.60971	-122.20499
196.27840	50.30607
200.26531	-5.91763
177.71548	-76.17191
135.90130	-122.03514
138.65561	-120.05063
135.99937	-121.99251
199.85173	-12.94648
200.13029	30.81781
201.34527	3.54502
184.20151	-65.48811
186.12071	-61.61735
200.43953	-10.44824
165.11063	118.61464
201.27031	24.99497
187.07005	-60.75568
200.95008	-9.58786
77.49860	-147.19999
193.47798	64.28931
138.90242	-121.34854
199.40938	-21.36118
139.95414	-121.46627
139.96586	-121.47999
140.03239	-121.44991
139.95508	-121.53616
122.62277	159.40043
201.02918	35.74011
66.23501	-149.40633
200.34999	40.51127
98.31841	173.11855
98.32819	173.11494
89.76395	176.66806
144.45557	-119.31388
144.40708	-119.37884
144.39097	-119.41889
193.05968	-50.89034
144.64698	-119.32530
144.20538	-119.71638
88.42734	-146.70745
144.37739	-119.61438
144.72816	-119.39519
144.83677	-119.31439
144.69387	-119.43419
144.64735	-119.51984
144.76503	-119.42934
144.75491	-119.43758
143.94844	-120.08450
144.67207	-119.51025
143.82230	-120.21295
143.64788	-120.35327
143.92438	-120.15069
187.32777	-65.51505
143.47812	-120.72385
143.57300	-120.65713
144.46916	-119.95293
143.19849	-120.95488
201.95422	35.31926
143.66845	-120.61307
144.04327	-120.32358
143.88070	-120.46904
143.97196	-120.40573
144.25156	-120.18977
144.37717	-120.09553
144.14718	-120.28389
144.50222	-120.00598
144.97012	-119.66299
144.60849	-119.95485
145.04685	-119.60980
144.95571	-119.72437
145.05740	-119.64495
145.44270	-119.34176
144.61122	-120.02711
144.52823	-120.15495
143.42432	-121.05202
143.32726	-121.13966
144.57171	-120.16908
143.19081	-121.25446
143.05586	-121.37720
143.61172	-120.94585
143.68312	-120.90018
144.37969	-120.35609
144.48689	-120.27975
142.95761	-121.47935
195.75199	63.14603
144.29177	-120.45635
144.20507	-120.54145
143.51936	-121.10592
143.96816	-120.75637
143.24220	-121.33730
145.45389	-119.59718
143.64323	-121.04834
144.18984	-120.62463
143.32116	-121.31618
143.55767	-121.13305
144.26497	-120.57979
143.41319	-121.25463
145.06289	-120.01286
144.25526	-120.65601
145.01895	-120.05113
143.82456	-121.01870
143.92257	-120.94511
201.58196	39.67647
144.84396	-120.23738
144.73280	-120.32887
143.85559	-121.04112
165.74157	-99.94083
145.23794	-119.96098
143.76831	-121.13172
165.80003	-99.88797
145.38772	-119.87944
145.28164	-119.96687
145.92210	-119.45041
142.90474	-121.83670
145.64390	-119.69192
145.40693	-119.89485
142.93933	-121.86170
143.44602	-121.56887
143.15135	-121.81154
144.73847	-120.58469
145.00188	-120.38555
143.43683	-121.65869
143.71282	-121.45188
145.35867	-120.15376
145.22232	-120.28448
145.87354	-119.76390
96.18581	174.84170
204.32853	0.47945
145.35038	-120.24910
144.98823	-120.60371
60.69572	185.28662
146.08301	-119.82252
145.29633	-120.49351
145.14655	-120.61988
145.20019	-120.57829
144.90156	-120.95679
186.34370	-70.42414
201.61437	-26.63642
55.25106	-151.29763
205.09653	0.47522
151.92288	-116.05796
201.12529	-30.59079
121.29864	-137.18374
158.52219	-110.07695
121.83687	-137.04444
191.86175	77.82869
191.86657	77.83306
118.27345	164.72741
152.31969	-117.04399
152.25626	-117.10859
206.58258	16.18960
171.83921	-97.53437
171.85056	-97.52396
168.21097	-102.04700
66.42439	-152.89711
127.99172	-135.96802
154.07691	-117.54193
32.57338	188.18774
155.78145	-116.03003
133.33187	155.71985
207.17534	17.41308
157.67552	-114.78274
115.28543	-143.16009
197.47247	-52.66674
197.47620	-52.65869
159.15319	-113.64152
159.13643	-113.67828
144.72534	-126.25049
168.80331	-103.46572
152.96876	-119.66994
152.95237	-119.69147
201.61335	-40.63963
207.90058	-1.23028
208.13924	3.44512
188.46547	-75.42036
56.09566	187.79491
59.09167	187.42571
206.96997	-18.52371
132.78097	157.46916
205.55543	41.41213
166.69246	-108.12215
162.43088	-112.71502
162.45539	-112.71996
161.84960	-113.46354
161.90483	-113.40795
161.83648	-113.52177
45.72499	188.92924
163.65631	-112.43481
163.73716	-112.35697
163.72475	-112.42227
163.64863	-112.50459
165.56214	-110.58897
195.85469	77.42196
190.49620	-75.04137
150.69326	143.77678
206.51988	-28.49966
167.92904	-108.86293
166.85471	-110.12527
166.82163	-110.19923
206.08079	44.92194
169.52883	-107.23620
201.59103	-49.35964
169.11561	-108.43326
180.49537	-94.35811
180.44643	-94.43530
81.41037	-156.35262
181.70577	-92.76442
173.03458	-104.86713
197.35819	-63.82853
53.62286	-156.49403
170.16698	-108.87398
170.29261	-108.73869
170.09254	-108.98743
170.22859	-108.85046
112.48588	-149.75066
173.84069	119.56285
174.38566	-103.99605
147.23510	-130.70960
193.79481	-72.78987
203.42457	60.40469
175.10735	118.00742
161.19553	135.02363
198.43682	-62.86147
52.63396	-156.90093
209.29323	35.35096
184.62643	-90.17543
141.68532	-135.52888
178.29420	-100.13331
204.73649	-45.85877
100.25500	178.51269
96.97884	179.89112
42.15264	190.25955
44.99172	-156.03791
42.16782	190.26267
127.76001	-144.36813
127.74446	-144.39345
176.36820	-103.17231
64.81327	-158.71298
176.49824	-103.28411
201.19299	-58.11729
178.05082	-101.68032
207.86142	-36.04865
205.57691	-45.32164
179.09246	-100.63306
181.32846	-98.15806
128.41793	164.50725
117.52024	-151.03925
192.16068	93.13192
78.80688	186.64232
199.15338	-66.62943
156.92902	-126.83109
121.32032	-149.92847
193.64189	90.73150
181.54133	-99.72991
155.55073	-128.56961
68.72605	189.06255
132.31552	162.66674
132.28261	162.69002
132.25471	162.70963
187.03080	-91.53606
107.40729	-155.55070
188.80453	-88.71754
185.72107	105.73240
187.44903	-91.09316
184.41634	-95.88197
186.00230	-93.49782
213.01355	23.11977
186.02877	-93.52311
185.97146	-93.61389
182.63912	110.86436
188.47429	-89.67141
182.59546	110.94799
182.57268	111.00027
188.64619	-89.54787
188.12919	-90.47217
213.55811	19.03620
188.93011	-89.41559
188.87248	-89.52376
209.97799	45.16990
210.20947	44.09159
210.26101	43.86766
188.31407	-90.77013
187.95968	-91.37200
34.91025	-155.54959
214.32412	8.87649
190.75668	-86.89582
190.85330	-86.73167
190.67690	-87.07314
96.48316	-159.45569
190.37649	-87.81214
189.62254	-89.13994
189.51089	-89.37326
189.53957	-89.33388
189.54370	-89.32747
192.35332	-84.35602
212.93035	29.56054
212.90730	29.74678
212.91857	29.66449
204.15096	68.33993
192.89393	-84.75304
199.48406	-71.30771
199.48114	-71.46926
24.56475	190.08573
24.58218	190.10912
24.59420	190.13051
186.44713	-96.36928
82.68055	-162.96574
195.99839	-79.72864
195.56346	-80.71224
195.66193	-80.52030
200.10645	-71.06785
195.28296	-81.49642
136.99480	161.26255
102.25408	-160.18886
102.24362	-160.19669
156.91459	144.70144
172.56091	127.57566
214.94687	-13.74581
197.76374	-77.44269
197.65761	-77.68699
197.62103	-77.76653
197.68068	-77.66401
197.04208	-79.09404
197.05092	-79.09521
197.06055	-79.10570
198.03616	-77.33444
198.93873	-75.52938
199.14207	-75.14759
199.16800	-75.18033
199.12854	-75.26832
199.09437	-75.35721
182.07810	115.43892
201.09445	-71.66509
201.03357	-71.81944
201.09949	-71.67897
201.11722	-71.67690
199.79721	-74.96438
202.76059	-68.28348
108.77189	-161.16747
205.05834	-63.83207
205.07173	-63.81015
205.08515	-63.77677
205.07305	-63.82991
205.05942	-63.87068
205.15215	-65.12394
214.73284	-29.38848
214.74046	-29.35334
207.06635	-59.93089
123.13040	-157.11700
208.53659	-56.39982
91.04909	187.13776
217.93374	0.72118
83.85927	189.38933
40.45271	-161.61388
204.70414	-68.66525
210.19338	-52.78810
204.73615	-69.09170
205.85137	-66.20182
204.72283	-69.15149
210.22373	-53.21466
129.43281	-155.93701
139.20482	-150.52614
183.33878	117.24873
212.46849	-45.82834
206.67017	-64.90959
212.22134	-47.41936
218.40004	15.13625
25.69178	-156.08295
194.50850	-92.89674
213.96549	-42.41659
214.72917	-39.24575
214.76091	-39.09689
214.74608	-39.20947
214.75054	-39.22786
214.72495	-39.37898
211.82215	57.17583
217.17264	-28.23459
217.19741	-28.14421
217.16497	-28.40607
217.18272	-28.35502
217.20136	-28.25950
217.20045	-28.38728
209.06808	67.62519
217.25474	-28.51809
217.24234	-28.64921
217.25441	-28.59362
217.27734	-28.48180
144.95893	-149.54482
217.26473	-28.64852
153.11714	-143.70351
185.96994	-108.46460
137.84188	-154.57862
14.46027	-150.00497
137.81689	-154.61819
219.00799	-17.49169
219.00024	-17.59458
219.27490	-15.70573
219.24620	-16.25933
58.30778	-170.24011
219.26431	-16.15108
134.09651	168.80571
117.44557	-165.10445
219.32943	-17.45047
123.72901	-162.95087
187.56743	114.05252
87.78389	191.01127
220.02817	-11.84762
220.04859	-11.67196
220.03749	-11.89977
196.87309	98.55774
213.85466	-49.79543
165.48329	-134.82581
165.47610	-134.83478
220.22233	-10.32788
216.18756	45.24458
151.04635	156.73422
113.55995	-168.13981
220.91751	1.77035
114.01259	181.64825
98.37395	-172.97150
221.15462	2.32471
221.24368	3.22481
221.24639	3.83510
221.23659	5.25619
221.25536	5.08315
221.26405	5.35993
176.40735	-124.86360
135.78187	-159.34148
221.29786	5.38109
221.31344	5.43167
221.32833	5.31141
221.32302	5.71585
221.32631	6.06034
151.01828	-149.37697
173.53214	134.92139
165.56399	143.91538
165.68560	143.79639
112.47738	-170.29038
221.53850	1.04628
141.60007	-156.57167
214.42374	56.42635
220.90920	19.30646
49.45550	-171.27478
200.01732	-89.91463
102.66267	-173.59392
86.66697	-176.18164
40.22100	-168.05416
31.52897	195.60443
109.73918	-172.30372
221.51256	14.99082
194.61388	-100.65703
219.41555	-31.29534
207.37178	-75.55599
152.11589	-150.84214
96.75767	-176.54961
219.15607	38.14798
135.16207	-162.44751
121.34524	179.70289
222.42488	3.02235
170.09481	-134.83249
111.22821	-173.36861
170.08591	-134.84559
222.29168	-7.28122
82.44779	-178.59283
82.41194	-178.61209
156.81355	154.23679
114.20723	-172.67971
215.59001	-52.54776
220.67295	-27.43524
213.01344	64.96944
67.07942	-178.63551
41.62264	-171.23997
154.78674	156.58617
194.16302	-104.17778
79.66061	-180.00069
43.92227	-172.60569
222.91551	8.90360
201.93204	-90.34444
221.71273	25.97694
35.14127	-168.77821
53.36732	199.60742
213.97236	63.54591
119.69672	-172.69335
61.53901	199.52032
26.75917	-163.71395
193.94414	109.41228
141.68631	-161.27321
36.94853	-170.35417
93.55574	193.46102
93.64666	193.44312
220.48869	-34.27530
207.35234	82.96948
84.84646	196.17230
126.65508	178.51292
74.83742	-182.23047
199.91228	99.41347
199.96654	99.32087
77.54887	198.13451
173.34902	-134.91496
93.14017	-182.22659
192.79324	-109.25384
221.15994	-33.31791
201.89790	96.08415
201.89705	96.08802
218.09685	-49.22829
191.12352	115.54642
157.09362	-151.61210
194.63141	110.05730
194.61849	110.09073
95.50728	194.14038
194.60745	110.11721
111.68179	-178.76725
121.23979	-175.16080
196.06073	107.77969
215.70057	-59.19580
172.36227	-137.49157
172.33957	-137.52025
99.21515	-182.95360
222.35165	-29.65614
197.89586	-102.30622
181.70419	129.99654
197.87473	-102.35669
197.86296	-102.38929
183.70095	-124.22957
199.76830	101.60172
66.84540	-185.15006
163.35272	151.51846
191.21031	116.78706
117.63160	185.61115
51.13279	-181.65824
33.97787	-172.97243
194.31374	-109.25707
81.66974	199.27106
157.00523	-153.92731
63.38693	-185.94196
121.13034	184.13464
69.81416	-187.20651
41.67008	-178.64860
78.78053	200.42602
122.15187	183.75119
122.82709	183.43305
120.38303	184.80249
75.47590	-188.04398
120.85424	184.56651
122.15576	183.85526
121.32194	184.35596
209.56257	81.95938
187.05724	-121.48848
120.50865	184.93257
120.68515	184.83750
195.52090	110.88033
119.53170	185.61749
157.30211	158.45982
156.32880	159.44482
155.04280	160.61292
154.88673	160.75337
154.72796	160.91040
115.51898	187.88786
225.30779	-9.74312
37.28875	202.30923
16.28503	195.02863
169.38298	-144.57109
45.29316	-183.85397
222.97657	-34.79555
36.49613	202.84043
115.32740	188.93256
53.27819	-187.71798
136.23710	-172.48312
159.18005	-155.08449
176.52279	-137.17403
70.30259	203.94859
75.87096	203.07231
196.14659	111.30968
45.85948	-185.36736
23.91932	199.38086
34.90289	-179.36564
90.91923	-191.55675
148.48489	167.61697
146.30903	-166.38794
39.00345	-183.40953
202.13343	101.27419
185.38649	128.74675
123.63978	185.64742
123.16339	185.99077
122.91625	186.15766
122.73443	186.27114
140.06050	175.10844
78.06536	204.24033
32.60621	-181.12097
31.15829	204.08883
161.37693	157.41566
200.86972	104.78925
1.60911	-141.28645
115.21285	191.27700
115.58419	191.08907
115.60009	191.08244
38.65764	206.50671
214.99893	-71.68010
106.11922	195.80179
101.69635	197.70690
101.78776	197.70967
101.08586	198.01930
144.35929	172.72650
225.83156	23.96335
225.82849	24.00220
76.13866	205.97614
53.20630	208.39024
27.94607	-180.18045
27.94672	-180.18930
131.25578	182.39342
221.76110	-48.68549
111.43496	193.79094
125.26367	-183.62529
227.28853	2.43245
152.96781	166.10571
99.70372	199.33509
114.94524	192.32181
108.92063	195.33996
92.41954	202.24216
95.80582	-196.68333
92.21625	202.33281
98.54655	200.21963
62.77789	209.47051
117.21232	-189.22089
96.43207	201.36836
53.24265	210.28098
96.26683	201.47956
46.30458	210.04233
95.75660	201.69056
95.84227	201.67607
76.61407	207.63773
89.42743	204.07040
48.10512	210.42491
174.36502	145.18297
71.08465	-202.46376
204.00528	100.57143
68.59043	209.49553
11.08930	-162.36807
40.14062	-195.10419
47.68954	-199.18233
47.67123	-199.18214
34.09606	208.82144
213.86250	-77.68235
219.77650	59.71760
48.08147	-199.94684
48.07471	-199.94672
113.15076	-192.61137
78.57545	208.08984
123.66516	188.92300
57.44225	211.77018
48.67044	212.03118
73.38743	209.73945
76.37042	209.14763
76.16741	209.23142
94.83048	203.55317
171.82530	149.06841
66.74039	211.78348
11.66245	198.67905
50.20204	-204.70733
66.44627	211.88486
52.76068	-205.94736
52.62095	-205.96412
16.90644	-178.80995
58.98769	213.56254
9.77741	197.56093
106.49301	199.33140
106.40037	199.38594
110.44726	-196.35319
170.39086	-150.97419
11.74233	-171.04538
64.59868	-210.67638
16.27892	-182.96746
31.77155	-202.31575
29.55506	213.38942
73.55922	212.59852
136.70054	182.10100
47.40259	-212.24419
20.35766	-193.66506
41.12968	217.81320
133.71414	-184.43232
112.05023	-197.74737
49.85992	-214.89797
30.72550	-209.90252
30.67555	-209.89416
30.61986	-209.88501
30.57300	-209.89547
42.19843	-214.82013
49.22197	-215.81996
94.07700	207.12469
19.60128	-198.87191
28.60903	-210.39389
5.49200	197.76635
14.05434	-192.76523
25.16013	217.73164
23.48875	217.16959
195.00340	-119.76071
33.67952	220.46934
26.21163	-212.51818
26.11239	-212.51171
26.10735	-212.54859
26.02496	-212.51605
26.05420	-212.56324
26.04727	-212.56362
26.04817	-212.56896
21.81870	218.17045
11.74703	-193.02771
67.96785	217.14488
43.26414	221.52320
14.45744	-200.57201
19.85854	218.01023
38.23835	-219.67653
57.97151	-218.91183
16.83222	-207.01001
15.21551	217.10379
8.98137	210.51542
26.17635	222.46452
13.21593	-206.30619
13.21249	-206.30433
16.82112	-213.42542
45.06465	223.00053
7.53865	211.55341
16.75374	-216.67126
16.74807	-216.67011
60.91655	220.14800
6.65603	212.32459
10.76369	-210.39071
2.51764	199.25119
6.19443	211.77086
6.19032	211.77239
160.62175	163.35334
10.20340	219.12506
8.19934	216.89902
8.74001	217.75716
16.81879	-221.89751
17.23974	224.51256
8.88308	-213.21118
173.28229	149.95743
11.16522	-222.99121
8.52114	-219.86850
225.87187	-38.74887
14.77207	226.57873
14.49794	-226.12908
14.84230	226.93015
23.23780	-227.04239
24.24156	227.16719
24.09532	227.18122
3.65286	218.53142
3.38496	217.86094
3.50496	218.55991
2.88465	217.99331
1.34036	209.04133
1.30316	209.03392
1.60337	215.75805
2.37450	225.98375
-0.86099	-224.83486
-0.62919	216.28920
-1.35831	221.42953
-7.24529	-228.44576
-7.38957	-228.44007
-7.40943	-228.43979
-2.18031	-218.94767
-1.49136	218.68815
-0.11104	188.93263
-0.11285	188.99932
-0.20258	190.04812
-0.20352	190.04677
-13.26485	-227.74593
-4.50316	-217.53119
-27.81999	-227.07717
-3.60039	-209.85529
-7.21610	-222.19424
-0.64804	191.49259
-12.00353	224.55775
-19.76471	-225.51171
-3.25533	-188.13276
-11.99817	-219.06022
-8.27345	217.49828
-32.14146	-224.81743
-7.31476	215.60912
-9.40789	218.32905
-10.88425	-212.23647
-17.75239	-220.32527
-17.85739	-220.31470
-17.97479	-220.30263
-14.57029	-216.98527
-15.95467	-218.10508
-17.23942	-218.32473
-196.83978	-117.21947
-9.59159	215.91228
-106.74091	202.46580
-18.07907	221.49045
-210.23546	-90.99696
-10.33238	214.48252
-60.59888	-219.39810
-12.37852	215.67091
-11.44672	-198.82485
-13.62384	215.41852
-64.27014	218.51237
-64.31607	218.50035
-64.37867	218.48340
-80.73033	-213.09723
-80.81907	-213.06492
-80.90644	-213.03283
-31.01682	-216.96574
-16.27185	215.21799
-3.32607	-159.66958
-1.89521	-151.00130
-227.11674	-29.22036
-111.05316	-199.42345
-12.70271	211.15261
-33.80710	-216.67585
-40.95134	-217.78611
-224.33914	-45.55186
-222.15456	-55.16897
-222.15743	-55.15717
-213.93069	-81.34345
-192.87516	-123.06672
-11.41618	-185.63618
-36.01354	-214.81628
-25.90516	-208.71619
-27.67135	-210.03398
-26.21034	217.39088
-119.54156	-194.03458
-31.57895	218.19148
-14.39002	-189.36796
-225.12254	-40.91803
-55.29975	217.72962
-33.27368	217.19245
-57.31239	-214.67713
-87.84682	-208.33380
-45.65458	-213.77699
-13.53135	206.70188
-7.39600	-167.66320
-46.62108	-213.61890
-52.75694	-213.95296
-97.31950	205.13276
-36.94980	216.34465
-28.66031	-201.86570
-28.70720	-201.86354
-33.41238	-204.99575
-137.18846	-181.40737
-2.47951	-147.74542
-54.19692	216.00842
-97.11898	204.57780
-20.22997	209.12857
-17.93966	-184.86476
-118.09250	193.78835
-117.97969	193.85196
-58.51255	-210.06356
-158.35568	-163.38194
-94.15187	205.28896
-20.28900	-186.29517
-24.65331	209.52161
-14.14265	-175.21892
-54.06647	-207.89263
-79.75441	209.70886
-28.36649	-193.91612
-25.88009	209.36368
-30.87151	-195.69227
-77.61815	-206.55154
-188.19414	-128.11274
-142.51676	-175.90778
-30.85129	210.40876
-55.21201	-206.02757
-29.41346	209.48485
-73.41169	-205.91543
-73.40767	-205.91024
-73.38606	-205.91024
-38.76215	-198.91615
-225.05563	-36.71809
-225.06662	-36.64936
-225.05244	-36.72557
-225.04970	-36.74202
-223.48516	-45.09692
-36.12979	210.91334
-31.29141	209.44555
-32.94697	-193.29019
-52.84126	-202.63607
-124.76808	-186.59945
-124.76208	-186.60266
-58.33365	-202.98976
-87.50646	205.24304
-64.74061	-203.27452
-30.31614	-188.32353
-37.02145	209.31569
-134.11951	-180.06735
-31.62581	-188.02596
-140.11838	-175.64606
-139.97837	-175.74450
-139.94122	-175.76694
-139.70880	-175.92621
-93.92663	202.27663
-177.55467	-140.29592
-208.56960	90.39615
-129.73721	-182.10345
-31.04732	-185.45353
-46.80500	-194.29429
-120.69517	-186.24019
-50.69885	-195.61587
-53.38430	208.57111
-103.01758	197.53257
-103.00057	197.53890
-103.17063	197.46448
-35.55553	206.19232
-220.90652	-51.73677
-44.46684	207.68458
-122.01751	187.66546
-46.23127	207.32493
-40.06135	-187.64216
-169.57383	148.89127
-111.37289	192.80684
-102.17746	-191.54796
-119.50561	-184.61721
-103.46725	-190.63982
-103.54775	-190.59658
-143.58388	172.06354
-129.58081	-178.17354
-28.37682	-175.60598
-86.10374	-192.93393
-222.96763	38.55962
-116.66722	188.67240
-116.78263	188.58698
-116.78299	188.58535
-116.89522	188.50449
-163.35794	-151.50492
-40.25920	204.03296
-127.89177	-177.88525
-130.76405	180.32879
-77.71988	-192.23832
-65.79887	-191.21501
-185.39273	127.76429
-204.72462	94.90625
-50.80659	204.47048
-225.05266	-17.50910
-222.23906	-38.67620
-222.25124	-38.59510
-225.57825	-7.96409
-26.94277	199.75413
-209.26236	-82.44232
-132.70859	-173.85168
-221.44112	43.42372
-41.05904	202.98087
-40.26682	202.82188
-62.49820	-188.08647
-131.19595	178.86162
-225.07478	13.42772
-200.50056	102.06582
-222.37152	-35.65452
-224.94858	-13.46843
-58.87186	203.41780
-66.97497	-188.05892
-224.52331	-18.20165
-224.52924	-18.08688
-114.73039	187.99228
-44.46938	-180.80396
-46.10799	-181.19372
-30.84130	199.85200
-224.06554	22.65318
-73.82925	-187.87039
-116.76403	186.65967
-93.33410	-186.41536
-21.51842	-163.89796
-58.65879	202.69561
-46.76600	202.36515
-219.12933	50.10952
-75.57122	-185.92032
-122.50431	-175.56149
-63.02870	201.63402
-109.87037	188.92511
-128.76883	178.58078
-83.17792	-184.95285
-57.96370	201.51182
-141.47957	169.59225
-220.12229	42.53194
-70.28791	-183.43706
-102.37356	-180.29924
-214.90738	-59.87290
-161.14229	152.12195
-45.01343	-175.44398
-154.90911	-152.51744
-199.99410	99.35522
-220.27131	39.40234
-220.23603	39.56673
-218.67738	-44.53694
-209.36567	-75.16176
-63.33223	199.85389
-209.38808	-75.06837
-73.32445	-181.84558
-209.42928	-74.94051
-50.43614	-176.82213
-58.33814	200.03220
-58.29153	200.02856
-58.30754	200.01654
-58.35818	200.00888
-58.47106	199.99073
-106.25032	188.78796
-58.44897	199.96504
-58.49779	199.95017
-66.97506	-180.70349
-60.29198	199.60320
-220.46370	-33.36209
-134.33626	-165.46479
-199.03600	-96.46739
-70.70176	-180.38097
-153.99387	-151.77659
-63.12475	-179.23572
-139.75692	-161.95762
-146.96949	-157.08352
-206.83160	-80.03857
-139.60971	169.13017
-191.34223	-108.98439
-43.39413	198.75610
-87.04769	-179.31680
-110.35178	-174.72840
-110.36571	-174.72059
-216.87172	-47.83897
-62.27751	198.60351
-142.87396	-158.55871
-207.92510	79.22095
-195.06072	105.98352
-195.07792	105.95134
-69.26500	197.68054
-51.99392	-174.48561
-71.04868	197.39549
-69.40921	197.61171
-96.89055	190.93418
-69.67468	197.54921
-71.31662	197.30422
-216.89337	-46.71957
-71.17329	197.32166
-216.87930	-46.75421
-70.91670	197.29703
-71.06746	197.23930
-69.05746	197.50013
-68.95608	197.51049
-70.68329	197.25081
-70.82456	197.20493
-69.79996	197.34793
-70.70802	197.21514
-71.33993	197.08508
-70.23944	197.15852
-69.95024	197.16035
-72.23594	196.81401
-71.13793	196.98020
-69.86050	197.16171
-72.09560	196.82460
-113.78593	-171.96427
-70.67541	197.01704
-72.36025	196.73754
-19.44681	192.58944
-81.08024	-177.79091
-185.73945	-115.15353
-49.17541	-172.58982
-181.94775	-120.24056
-158.91075	-144.93814
-158.90345	-144.94309
-70.04716	196.98135
-71.67160	196.73979
-69.48251	197.04464
-127.01475	176.10569
-72.44930	196.60462
-71.67241	196.70391
-71.79917	196.68367
-71.87733	196.64557
-72.36146	196.52528
-82.75613	-177.23616
-13.25899	190.03973
-191.65806	-105.74423
-191.66496	-105.72955
-140.30083	167.03995
-196.94534	101.12991
-188.24505	115.76507
-151.99803	-149.65489
-72.62028	196.11856
-152.02752	-149.62232
-68.94255	-175.76198
-139.05374	-158.32149
-73.38094	-175.71655
-220.20505	-21.64495
-179.67996	127.39937
-150.53138	-149.79745
-81.18860	193.92386
-219.71199	28.36150
-187.70831	115.72122
-169.35558	-132.73013
-79.21814	194.15129
-68.73018	195.89220
-172.78765	-128.59652
-129.04437	-162.50130
-84.46962	-174.52614
-35.16545	-163.99874
-61.37030	-172.45092
-217.51481	-34.31410
-101.52923	-171.41969
-148.09861	-149.58221
-208.26992	-67.57742
-198.54950	95.26634
-198.59101	95.15085
-198.59102	95.15076
-198.70818	94.89764
-188.97016	-105.80407
-188.97361	-105.79847
-183.94465	-112.82045
-107.03544	-169.03175
-211.05468	63.49371
-199.70256	92.31864
-220.24768	0.34742
-210.61044	-59.36979
-154.18484	-143.86797
-51.96428	-168.81621
-103.08533	-169.43001
-74.95434	193.61993
-96.49193	187.50653
-96.47648	187.50641
-15.11441	189.63501
-57.20466	195.16364
-217.50655	-25.11749
-52.33875	195.11394
-156.70736	-139.53550
-216.13507	37.78180
-196.24150	-89.18634
-134.16765	-154.25218
-62.68972	194.01732
-199.42744	-82.27479
-195.07956	98.08529
-212.99344	-43.66679
-76.77112	191.56866
-180.25919	121.35806
-130.66516	168.80777
-115.67447	177.35176
-22.06473	190.88719
-84.68487	-167.86060
-217.51499	18.01639
-36.50980	-160.14111
-99.68117	184.23939
-110.85605	-162.34195
-110.86340	-162.33116
-217.64239	12.29088
-125.73513	171.35266
-174.35484	-118.70699
-67.60771	-167.03806
-139.06034	162.23268
-196.38233	93.52888
-51.68015	-164.21265
