-111.05461	166.27037
-157.75693	128.24005
-80.45251	179.31903
-82.09262	-146.20985
-169.72934	-90.00746
-201.55072	18.43175
-201.33043	17.38102
-201.30383	17.37648
-64.61334	183.08686
-78.19305	-146.28893
-112.59537	-135.63808
-188.31352	-55.50935
-15.07594	-142.93251
-195.71599	-33.21965
-188.58212	-53.20421
-200.11356	17.93936
-108.67548	-136.05689
-114.83166	-133.11619
-77.34042	178.95672
-37.46899	185.97168
-195.25724	-27.46642
-195.25760	-27.46197
-37.43806	185.94940
-194.66387	51.21434
-157.03680	125.59634
-172.16567	104.80301
-198.18180	-8.84666
-93.03661	172.88471
-177.08724	95.86008
-124.45435	-126.44661
-62.86636	-146.19862
-193.70713	-30.48130
-32.92226	185.89876
-195.77351	40.87800
-177.32830	-69.95994
-180.95869	-62.97758
-52.25928	183.98821
-196.49162	31.32819
-83.71937	175.78438
-87.62757	174.26375
-91.83194	172.52459
-165.74718	-86.56857
-188.64139	65.90950
-192.06622	-31.10464
-192.87152	-26.64264
-154.05168	-99.62870
-154.03660	-99.62752
-144.60092	-108.28353
-144.59249	-108.29068
-115.66921	-128.43831
-84.16339	175.08966
-84.00296	175.13444
-84.10441	175.06722
-70.40111	-143.50338
-83.93732	175.12435
-84.30840	174.97803
-84.12592	175.04391
-136.67980	-114.51621
-84.01191	175.05397
-84.23811	174.95178
-151.93880	-100.68095
-84.12084	174.98464
-176.38180	-67.21625
-163.75127	-86.71884
-191.02464	-27.11179
-191.02602	-27.05707
-169.20696	103.67600
-84.92547	174.16733
-117.58136	156.90474
-190.58191	48.75274
-182.65468	-48.39616
-182.65252	-48.40155
-158.43430	117.58668
-64.09706	-142.59827
-163.12781	-83.02603
-190.62171	44.25313
-101.90938	165.43851
-188.56163	-26.83231
-188.56091	-26.83301
-96.81114	167.86089
-96.79387	167.86924
-192.71927	24.72662
-159.34519	115.19758
-192.76290	21.59607
-187.45209	-29.67085
-123.44760	-119.39899
-66.41952	-141.55969
-191.00062	-10.91039
-49.30933	182.80632
-43.67899	-143.31879
-192.29764	13.28717
-192.29717	13.29381
-192.23746	9.11184
-170.56406	96.48680
-187.11022	-27.36730
-184.84083	61.86448
-161.21824	111.05120
-111.32217	-125.42412
-107.69517	161.14775
-152.79799	122.04392
-123.35784	150.40719
-77.76957	174.97004
-131.35376	-111.55590
-190.50387	27.06887
-64.23366	-140.62769
-116.35705	-121.27079
-71.28541	176.91941
-152.38061	-90.39931
-184.36265	-28.04055
-184.36071	-28.04043
-173.91017	-55.79870
-177.12937	-48.42318
-110.96717	-122.96920
-125.45258	147.12148
-125.45285	147.11863
-189.06504	22.20148
-186.83473	42.53428
-114.16726	-120.69064
-182.60537	-29.38895
-85.53120	170.53518
-177.64088	72.81374
-177.58784	72.89137
-71.24304	175.91566
-71.23324	175.91459
-183.93120	-21.80095
-183.86181	-21.70440
-183.88802	-21.46458
-183.51692	-21.51679
-183.51427	-21.52420
-183.50512	-21.54656
-183.49459	-21.57748
-171.60997	86.02063
-176.39818	74.35096
-176.39916	74.34771
-184.13596	-16.34195
-165.27393	-66.16805
-76.35590	173.64502
-163.87225	-67.85288
-72.11418	175.07586
-185.32616	32.99768
-103.33601	160.26636
-137.35541	133.47955
-185.05803	33.61128
-176.43960	71.00372
-118.08294	-114.44383
-170.55276	-52.55143
-124.96851	-108.97915
-109.57751	-119.32258
-183.72671	37.42368
-166.01628	92.23777
-166.05997	92.10648
-165.08172	-60.53269
-68.13248	175.57116
-143.67181	-90.34813
-182.38639	-9.22449
-183.75733	29.10001
-183.73803	29.20065
-183.73958	29.15793
-183.71276	29.32502
-131.88281	-101.63614
-89.58770	166.69857
-55.52730	179.09708
-55.47844	179.08924
-55.47866	179.08752
-55.44091	179.08487
-72.35111	173.93236
-166.30761	90.13327
-108.56090	155.49845
-167.41422	-54.00854
-51.88349	-138.43342
-128.24122	139.88311
-128.25861	139.84870
-182.31891	34.25545
-146.72806	120.05719
-181.74271	36.88048
-181.74128	36.88114
-130.76804	136.90984
-178.81211	-16.94367
-169.26233	-46.01365
-104.13254	-119.15362
-156.40195	-69.59334
-181.61603	12.14382
-181.61421	12.13093
-181.61256	12.13277
-1.68129	183.17245
-137.15481	129.41065
-178.06201	-15.84700
-147.93019	-80.61610
-180.23018	-2.62024
-159.20833	-64.03108
-181.18556	14.98121
-163.35857	90.97314
-54.17745	-136.86814
-163.69664	-54.59816
-179.69870	0.36531
-177.41865	-13.85045
-66.57345	-133.62483
-180.12889	26.08461
-179.61562	2.53868
-125.30245	-102.38362
-174.78482	-23.68603
-84.89567	167.09966
-91.91366	163.46372
-147.94430	-77.17262
-147.94363	-77.16793
-176.72704	-10.32497
-175.92535	-14.08043
-57.07182	177.23164
-175.87304	-13.90632
-175.86793	-13.91118
-175.81533	-14.05872
-118.33795	-106.45004
-169.56890	71.66175
-159.89797	93.83311
-175.43046	50.29077
-117.20094	-106.97080
-178.58564	18.76665
-163.78785	-49.02830
-71.18980	-131.10026
-165.38805	81.16311
-170.96636	64.42353
-168.31693	72.19803
-145.56047	-77.24280
-176.75419	3.80593
-176.71267	4.11364
-168.88414	69.76162
-177.14594	10.63856
-170.08072	-28.93287
-170.08339	-28.24263
-170.07623	-28.23267
-69.95216	-130.53771
-158.99047	-54.74836
-109.21327	-110.60656
-161.74976	86.03863
-161.74415	85.97147
-126.22374	-96.83904
-174.22132	-7.80520
-126.22734	-96.72283
-176.06873	16.81204
-149.80392	106.90953
-171.22962	56.39046
-171.21896	56.41170
-171.21717	56.41746
-171.20752	56.43658
-161.44484	84.68043
-128.68459	132.84861
-175.40988	21.15458
-146.99433	-71.29037
-157.09405	93.25036
-173.11233	-2.22880
-165.11092	-34.46353
-173.36540	35.11938
-142.14166	-75.80800
-100.89888	154.82282
-157.33068	-50.72478
-153.75052	96.01567
-166.95033	-21.01519
-167.65688	57.73338
-112.90623	144.47672
-171.25725	12.51174
-148.65002	102.15251
-136.47710	-78.21455
-136.49377	-78.17932
-136.50937	-78.13765
-163.02094	-29.15459
-135.98725	-78.07119
-165.20276	60.85951
-129.79574	-84.78678
-61.44065	173.20225
-168.89793	6.92544
-133.95133	120.98727
-115.18139	-98.12825
-168.88289	12.85423
-123.64932	-89.66909
-157.13320	80.61379
-157.12338	80.60975
-157.11109	80.61063
-153.31672	89.21956
-50.32135	176.44097
-159.52242	-31.85727
-155.76001	-40.49099
-136.89655	115.42880
-162.73838	60.80370
-132.47848	-78.16917
-138.40069	113.12530
-131.41101	122.29312
-154.93171	82.62167
-164.39296	51.22804
-157.53748	-32.86144
-136.40736	115.29617
-34.10306	-135.35021
-108.20610	-101.00340
-152.90414	85.78086
-166.23151	24.01991
-164.86712	41.76726
-150.97452	-45.73035
-135.66512	115.10251
-80.15597	163.41315
-80.15034	163.37129
-48.00517	176.46329
-80.11809	163.33785
-80.10241	163.30380
-153.28386	82.51230
-85.86567	159.92394
-165.32721	18.49936
-153.22595	82.55529
-33.25401	179.92476
-88.59431	157.82925
-144.20404	99.56155
-164.35318	26.94954
-155.65430	-29.34682
-162.86060	43.19789
-92.63969	-110.17492
-159.42052	59.67562
-158.92142	56.24343
-152.16640	-33.09386
-152.15560	-33.08589
-152.14684	-33.08114
-98.59263	-104.04933
-151.61626	78.70039
-161.59356	31.39365
-52.40132	174.06832
-147.93164	-41.12938
-137.64109	-60.05912
-119.60170	-83.87687
-88.84244	155.81188
-160.22521	32.66714
-158.19069	-3.48020
-158.19055	-3.47858
-140.63576	99.60893
-134.31055	109.72724
-160.07620	24.80728
-160.05576	24.80134
-128.85405	117.29364
-12.18488	182.38179
-12.27542	182.37329
-128.75338	117.33388
-12.19745	182.37633
-104.19067	143.60249
-128.69322	117.19835
-128.64976	117.19423
-133.63191	109.86882
-131.49547	-66.33820
-46.63845	-129.66970
-149.47477	78.17724
-159.15977	21.17565
-42.42186	176.61574
-138.12648	-54.86721
-157.29294	0.92088
-85.82168	156.82793
-85.66312	156.92520
-85.53761	156.99319
-85.52011	156.96890
-85.62915	156.89664
-141.26154	95.42081
-84.94018	157.13938
-144.52606	-40.53351
-127.23662	-70.23162
-70.79861	164.97642
-39.78843	177.05669
-27.17228	179.99542
-27.16839	179.99499
-111.66479	-86.96498
-155.77143	39.46730
-56.89859	-124.56638
-139.22460	95.44704
-139.23063	95.43344
-151.47274	-13.52633
-92.80361	150.41982
-135.70374	-53.06011
-142.06240	88.15958
-152.24683	-6.12769
-144.28932	81.87565
-127.96471	112.69010
-113.98230	-81.99498
-138.90450	-43.37945
-76.37491	160.58083
-143.85707	81.01302
-91.10539	150.71286
-153.85508	31.63443
-152.12273	48.83313
-134.07173	-50.97389
-153.01220	28.24835
-147.71216	-15.57508
-147.71000	-15.57439
-153.00178	28.12076
-152.99821	28.17263
-56.29925	170.26542
-89.47616	151.12163
-152.24515	34.36104
-105.46909	-88.30324
-151.19712	5.57637
-151.19664	5.57826
-110.03988	132.21794
-88.25914	-103.18452
-128.28920	107.99573
-99.60468	-92.69281
-80.66896	156.47690
-78.88932	-109.08142
-121.33432	116.10567
-126.54159	107.83477
-114.29877	124.77695
-149.21413	22.89130
-114.22510	124.79146
-120.47840	116.39825
-53.63750	-122.55007
-148.75495	28.82230
-45.09230	-126.22493
-129.06263	-47.78655
-146.95515	32.07252
-146.86895	24.82812
-146.64578	23.35108
-146.64556	23.34538
-25.24961	179.06667
-104.66038	132.32869
-128.66395	97.17306
-143.40895	8.36874
-142.80207	50.48729
-142.80202	50.48742
-114.23455	119.85028
-110.37237	124.79846
-63.54500	-114.80443
-93.59121	142.37851
-129.26829	93.81116
-108.15979	127.05649
-110.32783	-71.84775
-136.01975	-19.71614
-142.27950	19.99312
-89.65378	144.81855
-139.90060	52.70434
-139.89856	52.70402
-115.65445	114.71665
-112.82581	118.63904
-134.47080	73.68985
-119.94984	106.59550
-131.88322	-24.91290
-113.64488	115.47530
-139.52608	36.02466
-137.69043	2.88791
-49.37410	-120.50960
-95.40865	-84.12195
-94.50371	-84.54200
-62.12559	162.79837
-114.54024	112.30592
-114.46791	112.41057
-136.57242	51.86857
-114.53699	111.49687
-114.53376	111.49343
-112.04144	114.97728
-92.24387	-85.50784
-114.14839	-55.68110
-110.40900	116.90748
-136.54581	41.98435
-134.70070	55.37551
-103.96755	-70.50893
-136.44663	25.53688
-4.10105	-137.02115
-31.10309	-128.18319
-74.93557	-101.04489
-133.99472	4.04049
-111.84098	112.10910
-89.50651	139.89821
-134.34513	42.00145
-89.34146	139.93708
-134.30594	18.80358
-134.27799	18.83342
-134.24669	18.86409
-113.12567	-52.19125
-113.12871	-52.18497
-113.66792	107.46155
-113.66263	107.46773
-92.24892	136.29172
-125.62746	80.18962
-124.27261	-25.75302
-51.96522	166.73328
-111.72001	110.18049
-54.04350	-114.75337
-98.44478	-71.69562
-96.80920	-73.80489
-130.88680	10.76193
-130.88315	10.73808
-130.88074	10.74159
-112.54705	106.42219
-45.47813	169.51133
-129.20555	0.46697
-53.58975	165.21358
-53.58137	165.18902
-130.42892	45.01290
-100.39537	124.11255
-90.36728	136.14456
-119.37380	90.50596
-94.29140	-75.59821
-95.00504	130.41946
-101.97453	-63.93421
-101.98277	-63.71743
-128.58083	10.10097
-118.15461	90.19441
-116.60606	-34.16220
-129.23524	32.43695
-98.87177	-66.38926
-128.10061	26.50408
-100.94234	-60.29105
-100.91367	-60.28480
-58.72902	160.44941
-121.52732	-10.32845
-107.61838	-46.52432
-113.28343	94.21428
-113.28271	94.20472
-125.50131	29.34834
-125.49830	29.32811
-125.49578	29.31132
-106.72947	-45.89838
-117.81469	-17.15948
-117.80031	-17.19428
-117.78484	-17.22083
-106.70447	-45.82560
-106.69228	-45.79700
-106.67518	-45.75094
-78.75831	143.26774
-118.04568	77.35939
-121.33091	-0.55192
-121.32056	-0.54961
-46.28070	166.79098
-71.37599	149.24370
-71.37109	149.24552
-79.47032	-84.95757
-48.26528	-113.67689
-120.14871	60.57503
-121.40720	40.82505
-121.38506	40.90495
-121.35915	40.95807
-120.55494	50.57110
-73.00191	146.76418
-88.44635	129.90548
-93.76574	-63.07383
-113.28091	-19.50163
-107.91974	96.14922
-120.11623	18.45649
-113.83295	76.84345
-86.81186	130.44651
-40.40273	168.99250
-86.79143	130.45979
-86.81353	130.42160
-86.71668	130.33764
-93.60956	-60.54960
-92.48647	122.12620
-86.69071	130.01700
-117.54912	54.61874
-113.06474	-11.98935
-102.80878	103.36518
-97.52373	112.95700
-89.86932	-64.62201
-117.91564	26.28979
-117.88710	26.25780
-117.84383	26.22501
-117.81994	26.21317
-112.68178	-9.56665
-100.87665	-43.41862
-96.50941	113.74010
-96.51733	113.71186
-96.51962	113.69588
-48.41338	-110.80859
-30.84283	-123.09531
-104.38518	97.19318
-108.63873	-22.00156
-100.72652	104.94451
-34.71506	171.12817
-84.85208	129.74562
-84.76887	129.79248
-84.68332	129.87222
-84.68110	129.86506
-116.27200	34.47850
-114.35231	57.48255
-114.97618	16.15417
-111.47242	70.70417
-63.95202	-95.24407
-92.50438	-55.88434
-39.40028	168.42430
-114.89198	43.97676
-114.88464	43.95791
-114.87286	43.94217
-113.95384	50.97740
-103.01358	95.39357
-114.78661	31.28233
-86.93020	125.19097
-96.90701	-45.39449
-103.81310	-27.35463
-105.09351	-22.79562
-88.26717	121.68826
-80.21151	132.73259
-98.22204	103.25323
-98.17405	103.28735
-98.17514	103.27989
-85.37538	125.57409
-98.10822	103.30879
-111.72217	12.41278
-88.39045	120.83381
-84.35206	-65.21384
-64.07235	-92.44693
-111.14840	53.67006
-110.36803	59.52222
-106.80161	76.26130
-110.05769	6.80642
-52.18152	-104.33241
-34.65619	170.05772
-110.53775	51.23313
-96.13598	104.30611
-97.13597	-37.59129
-77.94593	133.68660
-110.17585	16.62978
-93.44824	109.19281
-89.43722	-53.24062
-110.26015	20.85297
-98.92332	96.64973
-92.22712	111.10774
-33.81342	-118.88186
-110.35074	24.36117
-107.31851	67.60529
-88.09899	118.17577
-86.74377	120.29226
-109.86755	21.13896
-88.98875	116.19353
-109.87544	38.99607
-109.60709	30.76649
-95.23353	-37.90685
-104.29712	-8.72306
-109.05767	39.91447
-107.06084	59.93352
-83.72564	-60.16513
-73.39269	136.93700
-105.31847	68.08236
-63.64688	-89.30686
-63.64388	-89.30645
-84.92346	-57.22783
-51.87712	-101.90088
-104.70885	66.15150
-107.15388	23.17277
-89.26832	110.64108
-84.05816	119.97838
-82.83066	121.83654
-90.14878	-43.54911
-103.23436	69.28581
-106.55978	32.55608
-105.24192	15.25390
-101.18686	-8.48601
-101.24652	-8.04969
-41.65800	164.33497
-105.62525	30.99757
-61.63494	147.64124
-103.59003	58.42649
-97.43392	85.88570
-45.24998	-106.47671
-85.17559	115.08983
-88.34734	108.86876
-88.51241	-42.80054
-79.84385	123.49952
-79.01280	124.58435
-100.97684	66.09512
-73.85759	-69.21394
-102.42781	53.56859
-76.44375	127.65466
-83.71281	-49.82863
-102.30975	24.55836
-101.78018	21.01533
-60.22984	146.81736
-79.01882	121.72444
-52.33724	-96.81157
-87.37563	-38.24499
-87.35939	-38.25997
-87.34987	-38.26836
-101.24377	27.98538
-82.38492	115.18562
-84.81158	110.27513
-85.94423	106.78348
-74.23785	127.80873
-88.91174	99.06252
-99.32048	54.46817
-90.68594	94.00620
-90.63188	-25.20792
-93.33110	83.95012
-99.53919	43.68931
-91.41009	89.82752
-79.79493	117.14637
-99.02425	47.02853
-79.78039	117.11455
-88.81655	96.58884
-82.34378	111.81919
-16.68897	-127.77081
-86.24025	100.04696
-70.53728	130.31010
-70.48576	130.33219
-70.45271	130.35517
-84.12190	-37.01473
-89.43722	90.04237
-62.30659	140.72733
-81.81921	-40.79357
-88.40224	-21.09177
-95.84027	22.59151
-66.16678	-72.20163
-87.23129	-23.95428
-87.20568	-23.96239
-92.52232	72.03766
-85.35695	97.88933
-85.95553	-26.81221
-84.32118	100.24499
-80.61550	-40.38944
-83.13249	101.87645
-94.91549	36.44686
-94.28337	28.67740
-80.99581	105.33955
-93.07823	19.15008
-93.32477	36.75362
-72.18875	122.16428
-83.56747	96.54012
-79.49159	106.95549
-88.69595	77.40704
-92.63964	28.02710
-80.10657	103.56420
-80.11384	103.53035
-80.11493	103.51264
-80.12211	103.49275
-89.21273	1.83360
-51.96110	148.90723
-78.77506	-37.12112
-45.23419	-97.28813
-90.75278	30.69720
-81.13681	97.46537
-80.20741	100.02048
-42.94686	-99.74390
-69.92124	-56.26456
-83.49232	87.25006
-86.61716	72.36866
-86.14598	-1.70502
-83.43080	85.62857
-83.42581	85.62227
-77.67292	103.33544
-81.09142	-22.25974
-87.30219	8.15523
-78.37625	99.78326
-58.86049	-74.11457
-74.83439	108.61094
-77.08479	102.27991
-74.59048	-39.31384
-74.58902	-39.24883
-82.99240	81.68231
-87.55107	26.55032
-80.81516	89.81264
-87.53181	26.55765
-83.29289	-4.24166
-82.57870	80.54155
-75.77863	103.23207
-75.77731	103.23277
-83.02906	77.24723
-83.01031	77.21737
-77.89681	96.23275
-86.29654	48.01816
-78.97830	91.46991
-81.44354	81.79807
-68.86921	117.95078
-48.65034	-87.64657
-63.01055	127.63371
-80.23338	82.95702
-59.38505	-68.41307
-73.41217	105.17773
-67.77019	117.65521
-83.31590	60.16807
-77.29168	-18.51432
-82.72551	12.04055
-83.21779	56.44092
-80.73854	-0.41939
-76.02577	94.35657
-75.86187	94.51059
-65.68605	120.38182
-66.52419	-50.07714
-73.54453	-29.51863
-69.03775	-42.86252
-30.64395	-109.77682
-77.84121	84.04873
-68.42150	-42.34760
-57.42078	-68.13849
-76.01650	89.35476
-60.01707	128.85454
-79.10435	73.22442
-81.78888	44.71815
-74.48507	93.32084
-74.46941	93.33482
-69.36377	108.23124
-78.23586	-1.06738
-67.26425	113.03447
-72.90355	96.46915
-78.59721	70.63149
-75.36802	86.25343
-77.74240	74.58060
-79.93186	57.80933
-77.08698	77.71123
-71.42854	-26.38481
-79.30977	54.19761
-79.61212	39.57744
-79.03748	41.82255
-78.83972	34.63895
-76.29967	71.68818
-76.27253	71.63724
-76.12245	72.27735
-76.18086	71.67586
-76.23662	70.87089
-75.98998	72.26277
-75.99109	71.70552
-77.73218	19.55624
-76.05174	71.22060
-70.56490	-23.30531
-76.02087	71.15807
-76.07107	70.76546
-75.99246	71.05860
-75.97514	70.95261
-75.78571	72.15389
-77.14043	14.62950
-75.91713	71.11347
-75.82972	71.47529
-77.07391	14.69135
-77.08181	14.79437
-75.86914	70.96429
-75.74300	71.75137
-73.69509	82.94301
-75.67201	71.84266
-75.67779	71.79658
-75.74272	71.30080
-75.69002	71.43421
-75.61533	71.82481
-75.61972	71.76580
-36.63232	157.09994
-76.31250	66.58607
-75.61723	71.52657
-38.90562	-95.04244
-75.49164	72.16670
-77.85119	47.22696
-75.50629	71.79036
-75.35550	72.42419
-75.36625	72.03491
-75.44710	71.28692
-75.30098	72.06400
-76.66559	14.92219
-76.65052	14.89047
-75.38713	71.17222
-75.35663	71.06201
-76.57579	15.20690
-74.79320	1.05016
-75.29139	71.19115
-75.08087	72.30606
-75.04822	71.93865
-75.02542	71.99120
-75.03593	71.89351
-74.99531	71.92138
-76.26503	14.98867
-71.31244	90.03212
-50.58403	-74.09801
-76.06532	15.28531
-75.99393	15.22801
-75.92933	14.92335
-72.59456	81.23796
-68.93192	96.35126
-67.80163	100.00297
-75.48781	60.16882
-73.05196	-1.18983
-29.03686	-107.63032
-54.78060	-63.18616
-75.28013	27.41540
-73.95662	62.78805
-66.67847	99.37752
-74.42636	20.90337
-66.65239	99.38579
-74.38075	21.22210
-70.14692	85.45196
-71.97651	75.55054
-73.62257	14.78585
-74.25784	22.74912
-74.24362	22.67847
-74.22573	22.71309
-74.19090	22.67604
-74.19017	22.78501
-74.18280	22.70525
-58.26583	121.14808
-55.98592	125.38665
-66.35773	-23.64805
-69.38428	84.68971
-72.40203	65.51512
-73.74432	44.67886
-68.04368	-9.17046
-40.10948	149.01476
-70.51176	65.37035
-51.49648	-63.16408
-59.33976	-40.53310
-67.59781	81.43760
-53.68096	-55.93921
-70.99722	40.53460
-59.14785	-37.84369
-65.65581	85.76583
-69.13459	61.46092
-67.90430	5.81244
-61.32885	102.47238
-65.99040	82.35458
-63.61584	90.73296
-69.08446	42.36118
-67.37869	67.60758
-68.55577	25.60227
-58.29571	106.98520
-67.70010	53.36066
-67.24188	19.46662
-56.61317	-38.63740
-59.71254	101.02975
-66.62637	56.54132
-57.79169	-31.56595
-64.53256	66.89930
-64.88355	61.86780
-65.18713	51.81759
-50.80196	-49.86253
-37.26004	147.02187
-29.29931	-98.74379
-13.12349	-122.91639
-61.77015	0.95933
-52.69482	-42.13704
-62.00652	72.69998
-53.66609	-37.04597
-62.10709	69.46318
-51.92245	115.11573
-51.14741	-43.59959
-61.40857	67.72569
-34.32643	149.78952
-57.88777	-13.51296
-58.19203	86.15428
-61.10475	15.22918
-60.58462	10.73004
-59.87797	72.06556
-61.57206	29.92892
-60.74959	62.43123
-60.89903	60.35780
-26.92331	-100.30664
-47.50283	121.95817
-59.61647	69.88415
-58.01608	-3.77474
-17.96253	-114.70982
-24.37665	161.69010
-58.61361	65.01898
-58.48050	65.00417
-40.72656	-66.56863
-52.80309	-23.41201
-56.21310	80.97568
-35.93743	143.35017
-8.64760	-127.19756
-25.46340	159.04876
-25.45378	159.03663
-47.15386	-42.03172
-55.84500	74.11185
-45.92821	-45.18405
-40.37405	132.25317
-38.34621	-68.67500
-56.89123	50.64530
-16.35951	169.11759
-56.24555	56.48446
-55.94073	59.97243
-51.85044	-13.65229
-44.66425	-46.23430
-44.64227	-46.22921
-44.63840	-46.22864
-44.62443	-46.21945
-49.88190	-22.38833
-52.01627	87.08987
-39.75308	-61.47612
-54.81256	58.43536
-34.50524	-75.83436
-55.22935	38.53497
-53.00912	73.24174
-49.91867	91.78331
-46.70606	105.51001
-49.17274	92.68950
-45.86895	107.52861
-53.40803	33.31145
-52.80659	58.84419
-41.56367	121.26109
-32.44481	-77.39168
-49.99964	-4.61715
-31.71117	-78.93710
-50.02820	81.84387
-42.75123	-42.36312
-42.72524	-42.36042
-51.83717	17.39798
-42.70149	-42.35022
-52.00139	31.76426
-47.73412	-13.67758
-46.52436	95.67244
-38.44980	125.98476
-16.76541	166.48681
-48.27686	79.28726
-49.37640	67.85519
-49.37421	67.85934
-49.98642	50.48309
-49.25339	61.69408
-49.60495	46.22430
-49.63011	42.83543
-49.04906	45.07333
-48.92283	34.72927
-47.76934	67.97506
-47.62655	67.81506
-13.76029	-114.93983
-48.05552	53.72377
-48.21563	38.94927
-44.31482	-11.88049
-44.32402	-11.79215
-44.30031	-11.92273
-44.25849	-12.18037
-47.83480	51.47022
-7.22068	176.25151
-44.30472	-4.19711
-10.77929	-119.73310
-18.30000	161.98933
-46.38904	53.09139
-40.54985	-26.16381
-40.54809	-26.16767
-45.46193	49.51708
-43.06257	76.23915
-43.05987	76.23578
-44.59498	44.97487
-27.65578	141.52492
-32.23685	-57.38416
-44.06289	43.09222
-40.71770	88.04017
-43.67185	41.25001
-43.66322	41.26483
-42.31197	72.50788
-43.43406	30.78345
-41.19356	-1.83252
-12.98839	168.11915
-27.05200	141.25878
-32.53587	-49.80912
-32.52969	-49.83297
-32.51822	-49.85589
-39.50614	-5.52948
-41.76880	25.52161
-41.55669	59.52516
-41.79052	43.53106
-24.99777	144.20352
-38.83421	-3.19967
-32.85230	116.65089
-39.59961	69.22767
-21.12740	-88.29988
-22.95766	-81.55238
-38.54701	74.91981
-24.52232	142.54828
-18.67856	155.86963
-37.36711	4.00865
-27.27367	131.99248
-27.27289	131.99402
-36.43139	2.15916
-36.41519	2.08950
-37.47554	60.20172
-31.76429	-33.81050
-37.31978	35.28539
-16.51853	-97.73862
-33.20818	-18.21957
-33.18418	-18.22416
-33.17063	-18.22496
-36.63896	47.08338
-25.27991	132.13869
-25.27494	132.13504
-16.44435	156.54512
-34.25911	76.37549
-33.63621	80.18614
-33.62871	80.20693
-33.61857	80.23073
-24.35731	-63.63841
-30.70192	103.82813
-30.68034	103.82986
-28.38825	115.51814
-16.85454	154.79289
-34.50135	29.10908
-33.10668	9.85291
-32.46977	6.10847
-24.77057	-54.54654
-29.99797	-15.69828
-27.46416	112.02749
-26.03140	119.47594
-32.43634	30.06997
-30.16246	81.90457
-30.14781	-0.03617
-25.64547	-41.11699
-11.60150	163.55801
-11.59944	163.56047
-30.84289	23.57084
-31.01828	49.55135
-24.21705	120.73678
-28.07729	-10.53477
-29.64656	54.39993
-29.63839	54.40414
-14.26969	154.94419
-24.20934	114.28803
-28.97793	59.95839
-25.93291	99.56823
-23.32374	117.50806
-23.31284	117.50544
-11.18823	161.71103
-28.20094	26.14334
-19.99076	130.58700
-22.38081	-41.50064
-22.35702	-41.49349
-24.77039	-19.07757
-27.09306	59.02717
-25.96962	4.74157
-15.52682	-78.08718
-21.40625	-36.94050
-21.39568	-36.93223
-25.56778	29.58148
-16.03497	-73.39457
-24.71680	7.10287
-24.70993	7.10333
-23.52634	-6.34841
-23.77108	68.76766
-23.96686	56.56419
-23.80818	61.31778
-23.53162	62.89204
-23.19431	12.06687
-23.40466	59.78268
-20.13582	106.25529
-20.12826	106.29248
-23.23450	29.58421
-23.26613	52.21456
-22.57548	27.29343
-22.57472	27.27157
-22.57103	27.31404
-21.95095	60.22421
-11.08240	153.24154
-21.07371	78.78778
-21.86320	55.45175
-17.45276	-41.69707
-19.85362	-5.60913
-20.39017	8.14553
-20.71427	61.47072
-18.54616	-21.19330
-13.05211	-72.50609
-18.72945	-15.89770
-18.70662	-13.30605
-19.24668	35.61085
-18.55050	20.95825
-17.24961	-3.57935
-16.59098	95.18481
-15.69728	100.51841
-13.67031	-44.53314
-16.84479	66.28081
-14.61362	-29.12294
-16.81472	27.52000
-16.46025	18.79909
-3.57825	172.73145
-16.52358	34.85984
-7.48941	156.96061
-13.06086	-40.92616
-11.87323	127.22781
-14.37344	91.69002
-14.61787	84.12186
-14.11331	-2.75970
-3.62894	170.99321
-3.60432	170.96446
-6.05213	-99.65115
-13.78454	77.57753
-12.25713	103.82441
-13.76895	18.79570
-13.61404	35.69692
-13.35598	51.79271
-12.22681	92.65331
-11.66031	-6.07400
-11.54930	-6.76666
-8.46189	134.35144
-8.10560	134.44289
-7.91864	134.55616
-8.08715	-58.72514
-8.23338	-56.00725
-7.68166	134.58579
-10.15885	91.95985
-10.63920	56.37378
-2.04959	173.90798
-9.73199	-6.70175
-8.13507	-45.57704
-8.92022	-24.03581
-8.75106	-20.89882
-8.21248	36.14626
-7.52351	51.40361
-7.26032	8.67203
-5.99438	103.66088
-5.41746	103.41302
-5.24088	59.77323
-3.97972	125.09703
-3.97885	125.09735
-2.85905	147.14652
-4.51171	-3.75029
-4.60303	12.03224
-3.42734	89.93212
-3.63764	52.04552
-2.03620	143.82832
-3.14634	78.70506
-3.11662	78.68898
-3.21866	29.96300
-3.09529	78.68204
-3.21210	29.96122
-2.00318	-34.88210
-2.11892	-2.83463
-1.85767	16.27712
-1.28253	124.55975
-1.53870	11.04167
-1.53710	11.04773
-1.52898	11.07075
-1.52081	11.09273
-1.51836	11.09752
-1.01620	-45.88594
-0.97765	-45.87418
-0.94677	-45.86177
-0.81982	111.92763
0.02880	20.32843
0.38291	108.15377
0.45592	94.53084
0.62952	121.81709
1.01565	117.94264
1.37207	57.32246
1.37450	57.32590
1.71127	35.68472
1.53703	101.52166
1.73990	25.66164
1.76000	-38.99202
2.73106	75.78552
2.65118	111.77276
2.86707	129.05547
2.86794	129.05488
4.34050	67.42109
3.64193	-40.26360
3.64662	-40.24754
4.36543	6.01067
4.06649	-28.28928
4.11418	-28.32450
2.10778	158.24282
3.82077	119.82394
3.82150	119.82294
4.18368	-28.38295
4.84295	66.62161
5.33501	43.61338
3.99157	126.84576
5.58628	75.32587
4.81637	112.76616
3.73847	-72.67423
4.55823	-53.54161
4.42888	134.52282
5.64589	106.31460
5.83514	-25.57246
5.84818	106.40475
2.68175	162.18022
7.00556	38.09425
5.82292	-38.96808
7.16732	-8.94816
7.28454	88.26467
7.28511	88.26324
6.48880	-42.86791
7.05718	-31.99664
9.14615	47.12240
9.14826	47.12168
8.94780	77.20132
8.49591	103.50529
9.00799	93.78607
10.03371	40.68832
10.05816	67.97628
7.90013	123.52635
10.74581	54.32612
8.03126	126.59725
10.76170	54.43050
11.36755	65.03979
11.37107	65.04418
7.98018	134.04620
11.57317	59.61214
4.85747	160.17788
11.86253	28.09603
11.56330	-8.74720
11.84231	-7.92020
7.09551	149.23937
7.09967	149.24110
10.63283	116.04843
9.00324	137.81959
10.46925	125.52577
13.57539	7.30298
13.60266	7.29817
14.47417	57.64589
6.61842	157.68342
4.19146	-114.17586
14.92180	68.01983
13.34358	111.55465
2.83120	-123.77350
13.91817	-35.80039
15.30215	-20.69896
15.20722	-27.74493
12.88365	131.31232
12.88473	131.31351
12.88736	131.31374
16.70873	92.74333
10.40827	-81.47679
5.35225	168.40051
18.52141	43.30862
19.15109	-10.08683
20.64191	58.81544
20.64191	58.81552
20.78183	24.16015
20.21279	2.57232
21.38871	59.21442
14.14606	137.97411
14.14797	137.97193
21.11254	70.79322
14.21082	137.94463
21.43393	16.99801
22.64248	24.12917
20.83767	96.87363
20.84242	96.87561
20.84773	96.87599
21.64160	-8.32288
21.96236	85.38958
21.96289	85.39092
23.40237	59.28234
23.40315	59.28150
16.47681	-62.95376
17.59667	-55.68541
22.43241	-7.42538
21.52057	-24.98230
24.18216	67.71148
24.18338	67.70758
23.18454	87.57042
23.18623	87.56567
22.41395	-20.59497
24.30972	2.76433
25.16006	20.77401
20.40905	119.53698
20.62127	-45.81212
21.98971	112.20628
21.99296	112.20589
15.08716	-82.15806
27.14617	64.21882
27.14696	64.21603
11.14249	-102.04264
23.63929	110.34230
22.92626	-39.99593
25.10771	103.60330
25.11053	103.60279
28.82848	33.85711
24.13402	112.66450
17.16144	-80.54504
14.35657	-93.91845
26.50068	103.69002
29.92387	63.22815
30.31327	29.09982
30.84461	65.04736
30.84758	65.04802
21.00931	139.31149
28.30964	105.56173
27.76845	-32.47805
21.14805	139.23622
32.82557	53.19605
19.82126	-77.63805
32.20040	6.59561
32.41068	75.13561
33.79187	66.14667
28.27311	115.83000
27.98569	117.46460
27.98738	117.46529
28.00148	117.48438
28.00756	117.49007
28.02495	117.52076
28.02527	117.51975
31.10410	-22.11319
20.73773	145.01190
33.83559	1.63257
27.52926	-49.25694
25.69566	130.10222
35.24492	11.43190
23.23970	-72.40580
21.05074	148.27359
32.69566	105.76676
8.34827	-120.56872
39.01691	44.26838
39.30056	34.18460
35.15497	100.26820
35.15605	100.26935
25.44869	139.81246
25.44992	139.81291
11.12762	169.61602
37.64789	-10.56281
41.79603	47.70772
35.92934	106.93873
36.53274	-26.83530
37.43348	-28.73611
37.47034	-28.72601
7.76663	175.04151
39.28396	100.04586
39.28781	100.03888
39.31466	99.98428
39.34233	99.92895
38.59175	106.98159
38.59361	106.99834
44.99449	57.74444
45.02847	57.64379
45.06074	57.54253
45.85328	35.47247
45.85427	35.47322
45.02064	14.53309
45.78183	29.83004
12.23114	-116.54749
45.08390	13.11791
46.32432	49.55488
46.32533	49.55374
46.18259	63.68444
48.07867	44.72943
48.12631	44.73455
48.14374	44.72959
48.18283	44.72893
41.39664	108.64054
25.60313	151.54608
19.36343	161.81072
19.44854	161.82743
43.96275	-21.36881
43.96763	-21.36025
48.90203	58.43079
48.90205	58.43083
45.40404	94.49991
50.05631	29.54703
48.13417	78.05567
47.13797	85.93143
19.00435	163.82623
50.80215	64.99347
50.80281	64.99443
24.14641	156.79951
50.20256	79.65889
36.44646	134.33767
46.05696	-29.67675
53.30768	36.23319
48.74853	93.29467
48.76034	93.23665
53.11980	25.89843
52.51161	74.33321
53.96897	57.48142
53.97141	57.47918
54.64286	28.25375
51.50886	86.36058
51.51056	86.36039
51.51238	86.36017
51.53306	86.36727
51.55274	86.37775
51.55915	86.38003
39.68503	-60.55321
54.30258	68.98464
51.72814	92.20238
51.85970	-15.67001
51.92519	-15.41917
42.78154	-55.39707
51.19747	97.92566
47.02693	115.41167
47.02922	115.41699
47.03084	115.42019
57.49342	54.80399
57.49860	57.05316
36.78539	140.67028
58.09860	44.06516
50.79170	-30.20098
49.90329	110.20241
49.90181	110.21238
59.12617	24.51492
59.58999	41.70652
25.68355	159.64614
47.52170	119.10527
47.52323	119.10564
27.15748	-98.59844
51.27722	-36.47360
22.36896	164.25340
59.22125	74.88084
59.22197	74.87773
52.58546	108.80392
54.06291	105.55018
14.14431	172.84602
59.28966	83.65214
53.12175	-36.52280
47.32530	-57.64544
47.13952	-58.52906
53.39389	-38.73042
33.90546	151.57339
49.58812	122.80971
49.61820	122.76817
62.83947	72.64419
56.11489	106.98248
56.13839	106.99171
15.55985	172.27663
41.68324	140.87290
65.82896	26.02662
64.90757	68.90810
53.74964	118.43571
51.15871	-55.25028
52.23043	122.45182
18.77941	170.27280
68.69890	28.78575
69.32835	45.75405
59.26558	109.69041
57.60452	-42.97017
53.06946	-56.38324
45.51064	139.69625
45.51221	139.69479
67.94165	2.02677
70.45582	50.37763
70.54949	50.37145
53.12190	125.95300
53.13997	125.95811
47.74749	136.77543
62.05541	-33.87024
26.72858	-108.76910
66.67827	93.90761
74.25937	39.57890
74.35144	32.35868
74.35148	32.35878
74.60718	51.68217
63.10336	110.12329
29.65901	163.28472
52.82817	134.44774
75.88477	59.05659
61.59761	-47.68059
71.93054	-13.69240
47.85865	143.19033
69.55327	97.59811
58.30606	-58.05701
68.68946	-31.13251
66.27406	-39.40716
77.01023	6.49563
72.85346	-16.57798
77.02794	6.47925
76.97038	70.31993
77.49955	68.59798
77.50373	68.59075
47.44040	145.38460
32.87758	161.56320
70.05420	-33.61608
64.45161	-51.31765
73.39019	-25.80074
80.39160	67.06910
80.39355	67.06320
80.39608	67.05709
82.26704	28.77022
82.26765	28.77521
65.85895	-49.57249
65.84164	-49.61892
68.23987	113.02389
68.24069	113.02458
33.85987	162.46021
83.62014	22.49927
56.97978	136.27533
81.93392	4.67690
26.42150	168.70806
79.43359	87.84301
83.37437	68.84570
55.15293	-77.45994
76.69491	-27.08157
78.80580	-19.68702
85.75744	22.95660
61.25062	-66.93693
85.26467	13.26649
86.19811	55.60971
75.17908	105.28205
83.40531	77.27268
76.43319	102.86394
87.51128	47.35903
76.63328	102.65611
76.64805	102.66513
76.65596	102.67084
76.66054	102.67272
66.67333	-59.18709
86.36544	66.63118
88.42025	31.14254
88.42149	31.14389
78.72229	98.78112
78.72742	98.78017
74.92820	108.89112
73.11453	113.87564
73.11999	113.86782
81.05733	-22.12268
88.79608	19.51068
88.79822	19.51447
76.26385	108.47423
76.26773	108.47319
76.27081	108.47287
76.27160	108.47217
84.77350	85.75227
84.77893	85.75487
86.14300	81.12859
90.57519	18.32105
62.95045	-71.56100
91.54981	50.71141
90.73758	12.05181
91.33886	17.18976
82.09959	-29.52363
91.94555	54.39293
89.33826	73.64383
91.58639	10.88400
93.97341	35.25194
93.97544	35.25121
58.79079	-81.28202
94.64951	33.91625
92.63773	64.74555
74.33409	-54.86669
76.31846	-50.99898
92.95814	66.12585
76.33913	-50.99430
86.17560	94.75368
95.03741	49.72906
95.09297	49.78709
94.25947	62.69813
96.61949	44.51589
96.54294	23.35153
72.03814	127.27314
92.12273	-9.14366
92.89560	-6.02275
49.43306	154.64002
78.38604	117.52975
97.31702	13.75877
90.85974	-20.32514
96.16265	68.07799
75.03009	124.81533
92.57949	-15.27175
81.27565	114.11336
92.12538	87.05081
92.12741	87.04939
99.00350	21.49149
82.23397	113.17100
93.22167	-15.67001
28.58912	-119.04708
59.34777	146.71910
100.25873	24.81792
67.36367	137.67182
38.83513	-110.47097
96.45543	-8.15546
83.77400	-46.78687
83.76936	-46.80731
52.57508	154.03647
52.58177	154.03657
100.11990	60.51198
101.46622	48.14585
63.53351	143.26324
101.90088	24.39722
87.62992	-39.96459
98.89425	-3.95251
99.93636	69.84266
81.40871	119.85854
95.97856	86.73873
90.84732	101.49388
90.87057	101.55288
101.64251	64.32930
45.92122	160.58041
101.64471	64.33740
45.94098	160.57261
101.66057	64.36996
95.54982	89.91554
95.57105	89.91129
95.58393	89.90502
95.58743	89.90339
95.58878	89.90261
68.29839	-78.80059
78.06822	126.41141
92.55118	-32.24499
86.66950	-46.95313
85.29941	-50.03309
104.08587	18.52160
80.76708	-59.44157
77.57164	-65.21706
101.46215	-5.56699
101.50582	-5.59163
105.61310	49.08620
105.94942	19.82260
84.83587	-54.99193
33.22826	-118.14266
23.17157	174.98711
80.87871	126.13280
85.86350	-54.86836
93.55509	103.63510
91.23694	108.58182
93.61064	103.56401
100.72655	84.84884
86.40810	-54.42076
38.48206	-114.27938
74.07995	136.21592
68.19748	143.14022
68.19735	143.14038
100.07215	89.50135
104.24343	78.42942
105.11557	75.14073
105.12300	75.12283
99.31187	-29.28941
106.85033	-1.66873
76.64860	134.49685
102.94064	84.66155
69.83667	142.52912
69.89899	142.52034
42.15197	165.53048
42.17337	165.53654
87.86036	119.09478
101.90012	89.60426
107.66772	-4.26328
112.09086	28.85821
110.83529	9.46351
110.83626	9.46421
104.94452	85.09073
98.39097	-38.84398
113.38695	28.25225
61.08414	152.74638
109.87512	69.08711
92.22904	-54.60608
93.42209	114.92972
86.09280	-67.33276
68.49146	-90.58646
113.36713	64.91768
115.95818	48.05878
105.82685	92.85455
84.65363	-70.95234
116.34501	15.74554
116.34599	15.74512
115.52313	57.89541
81.75861	134.58222
109.27401	-21.22109
105.10986	96.38866
118.21269	25.95673
118.22456	25.96175
118.28746	26.05925
80.34224	-78.99405
114.61908	-5.73005
114.62698	-5.80674
118.87483	30.84435
116.20178	63.17777
116.18085	1.06625
116.22780	63.18276
119.05976	30.84932
119.09347	30.84042
119.15054	30.82836
119.23603	30.82105
119.49365	39.11350
107.86496	93.98925
107.86607	93.98678
91.89177	-63.74848
112.60451	81.83161
86.49130	-73.65505
100.53729	111.98535
100.53844	111.98551
47.64172	-113.35448
121.37440	24.91144
118.04020	66.17062
118.04249	66.17118
120.97899	46.58792
120.98135	46.56348
120.98290	46.59921
120.98424	46.60559
121.45209	46.63105
122.03985	39.00452
105.96609	-42.21165
107.92994	100.20209
119.86839	63.73031
119.87510	63.71151
119.87324	63.72128
111.23808	-31.80851
122.99947	21.03245
123.00274	21.03631
122.86178	44.99418
122.88319	44.98800
122.90032	44.98705
122.99205	45.15129
123.02570	44.98032
123.24932	43.36570
123.25027	43.35605
123.25307	43.36464
123.44901	44.80469
123.48081	44.74709
123.53145	44.94546
123.53348	44.94689
123.63795	44.71237
123.60583	45.12224
123.62350	44.92527
123.63434	44.95346
123.25649	10.35979
123.25903	10.36073
60.25531	158.75639
125.45493	20.35102
122.40602	65.50781
122.42913	65.51506
122.45719	65.52169
110.31845	-41.04127
110.31061	-41.07408
90.66706	-74.44490
124.84470	54.20079
37.81035	-122.02314
123.05690	-9.13021
118.83154	-24.76460
81.85386	143.10003
117.14537	91.10771
126.70611	3.40799
116.64194	-33.86052
127.90875	53.32890
128.01640	53.28183
109.09771	109.52207
93.91446	-75.58428
74.42100	-97.05198
113.50013	-44.40334
98.11510	126.90783
11.05515	-134.81700
119.54165	-32.15922
94.88616	-75.80532
94.88748	-75.81532
119.20633	92.95909
96.46346	-74.43415
120.42398	-32.03424
96.83057	130.28692
132.74603	34.73460
96.83751	130.28831
86.12485	141.96804
133.05076	19.42470
133.05294	19.42097
128.19542	-11.58261
132.18328	50.91861
132.18912	50.92325
125.93018	79.45027
125.93340	79.44865
127.44249	-16.59624
127.46175	-16.61396
127.46842	-16.60255
127.48595	-16.59186
133.61719	41.07943
112.29818	-53.14882
128.02787	74.01102
131.80687	-1.10209
131.80761	-1.10559
103.63076	123.87022
103.63410	123.87078
107.77044	-62.55897
111.77874	-56.03618
111.78357	-56.03737
110.05691	-59.34576
131.89167	-7.05743
120.55533	-41.71872
115.18542	108.37124
27.69128	177.26003
110.27999	-61.02031
92.86333	-84.80058
29.72135	-129.09442
110.91598	-62.61138
85.64029	-93.43199
138.41963	33.16722
139.40534	27.42462
69.17936	158.84821
16.64473	-134.01460
134.43716	-12.79319
139.16950	10.16037
127.73960	90.34073
127.74129	90.33712
132.46623	78.54869
132.49292	78.53941
125.26540	-41.80240
65.29079	162.05399
94.18994	140.24279
60.01050	165.03751
60.13180	165.01739
138.58008	61.74446
129.64358	-35.13415
112.84605	-66.66991
142.75039	27.23363
135.53293	-20.35890
133.49169	83.66778
142.79693	7.11493
101.90707	134.31026
101.90850	134.31688
142.13267	53.76774
98.61304	-86.74753
118.26720	114.43590
144.43612	36.90654
137.19619	76.44986
134.87345	83.71361
96.99670	-89.19712
145.16411	16.45148
133.24824	88.31135
133.25194	88.32164
100.63565	-86.45134
127.91911	101.03705
65.89794	-114.75026
133.77825	89.12828
142.31765	64.66723
134.26201	89.00676
145.40450	2.75132
147.47998	35.46066
113.04813	125.13406
113.00010	125.21500
131.68607	-44.51994
141.56784	72.07701
136.93206	85.61388
127.00378	-54.18412
108.01936	131.58105
117.73693	-69.34163
127.39823	-54.50699
148.60757	12.15330
148.61756	12.15019
148.62714	12.14578
118.10579	-69.52556
143.31342	-18.31864
143.44316	-18.48180
117.47643	-71.59892
117.55009	-71.99592
117.54876	-72.03575
123.54654	-63.75830
137.67658	-38.25761
142.45863	-25.93595
147.14898	-10.13747
129.14559	106.25252
129.14787	106.24893
129.15016	106.24631
129.14896	106.24839
108.31196	-85.37526
102.85214	139.80064
102.85586	139.80285
87.64647	152.49525
152.82340	18.56428
152.82379	18.56479
152.30483	10.45164
113.52534	-80.71259
152.63267	42.36320
122.97204	-69.42837
112.00730	131.75258
124.86278	116.02644
152.43835	2.40713
152.43927	2.40673
125.23179	-66.71219
113.36980	-82.08256
69.98748	-117.05741
149.24927	-15.92901
149.25055	-15.92816
133.50371	-54.48574
154.28839	37.04801
154.28847	37.04825
144.87976	80.30151
146.90487	75.15311
151.88102	57.56437
104.61383	140.32556
151.36146	60.56497
111.66770	-85.54028
137.15483	-50.11756
78.19646	160.22532
146.54508	-29.44842
152.12468	-11.16451
152.25419	-11.18345
145.40256	-33.59787
152.46102	-11.11902
131.60613	-61.06535
143.09560	87.82577
155.99589	10.35807
94.15438	149.87668
156.50588	33.26547
94.17964	149.86695
155.72233	46.99714
157.22045	5.68390
147.67848	-33.05809
155.12170	55.17280
144.04556	-41.78914
157.43470	4.72714
108.85734	-92.27446
85.60195	157.30442
151.32805	-27.94212
151.35595	-28.03749
131.82650	-66.92639
119.79284	-82.58336
81.80941	160.14478
81.80595	160.14683
157.11855	-10.71788
75.87570	163.56914
130.12248	-70.67368
160.83441	12.87225
118.87396	-85.00368
158.87196	-6.16811
144.22830	95.12469
159.47953	-4.10351
159.48244	-4.10599
156.04459	66.81777
160.64614	49.22146
155.92421	69.06678
160.68291	49.28012
108.94357	-96.71726
141.66590	102.05478
141.66604	102.05511
112.17773	139.11960
60.51547	-126.78814
158.60336	-19.48064
159.47792	-16.45665
164.32252	25.33417
164.32364	25.33210
140.75937	-60.86383
131.44302	-74.63797
164.35828	36.68259
146.24161	96.79705
121.19044	-87.46325
121.20249	-87.46549
144.51988	-56.30886
165.15602	29.25562
165.18693	29.34836
165.18901	29.33467
165.38459	19.03445
165.38475	19.03808
126.64205	125.80662
126.64244	125.83271
161.88208	-11.97199
145.13075	-55.77440
145.13597	-55.76944
118.80547	-90.72471
152.19722	-43.04898
166.07479	16.70496
108.40240	144.55146
45.99851	177.13933
148.24337	-51.82167
148.24711	-51.81559
156.93527	75.54887
156.95068	75.50813
119.86918	-90.35406
96.31489	-109.76824
136.09760	115.35580
136.09784	115.35714
137.77126	-70.71071
164.05677	54.01305
164.05896	54.00839
166.07815	42.73736
150.68989	-49.98898
119.17766	-92.81724
119.16889	-92.83643
119.16027	-92.85535
97.50552	-110.33661
38.16206	-134.88258
164.45129	55.08463
134.26571	-76.82145
161.67279	66.84424
151.68700	-49.86291
158.62335	-35.65146
167.22732	45.11942
112.56989	-100.19125
138.55010	-72.84629
166.88447	-7.25888
168.05830	42.16103
110.58544	144.97514
169.81756	17.17263
169.85338	17.18366
169.86213	17.14148
94.78955	-113.85011
153.31929	-52.03926
171.20105	13.85237
100.26942	-111.79994
46.03274	178.32208
85.16431	163.41391
171.48906	4.69438
171.48978	4.69595
89.47321	161.34225
156.19265	-51.37653
147.03927	107.59777
147.04113	107.59505
142.85668	-74.59415
117.84882	142.04846
117.84810	142.05095
42.69522	179.61340
154.00601	97.43625
121.58435	138.86471
174.90580	22.84070
164.21283	77.81515
173.11000	46.68033
43.31011	179.75014
159.05228	-52.38429
104.09628	-113.39167
173.99922	-6.83827
171.99946	54.69058
86.98675	164.32858
36.96258	-137.82573
163.90047	-45.58967
67.77431	173.35036
131.49145	-93.48720
124.42318	138.90509
156.21124	-61.90789
176.16967	41.47430
126.38037	-98.48269
176.16703	41.60795
124.08588	-100.51726
126.34503	-98.52580
126.32344	-98.56054
119.13363	-104.66671
172.99385	-21.96855
173.00282	-21.93551
173.01085	-21.90509
125.90635	-99.19397
172.02818	-25.70452
166.99517	-41.14471
166.99179	-41.15831
176.66841	41.59465
171.90158	-27.93942
127.77515	-98.29550
178.65850	2.85791
60.64600	176.28696
126.27745	-100.49482
161.02742	-56.74645
121.55686	-105.32302
106.50418	154.73552
115.66250	-110.06838
176.69477	-18.78303
97.65134	160.75788
180.96326	21.47241
171.71045	71.74529
171.75487	71.64592
171.75664	71.64194
171.75028	71.67619
171.78554	71.58385
171.39816	-39.16238
154.57600	107.07483
162.31930	-59.69703
180.18358	-9.26923
180.18677	-9.27246
133.13841	134.51958
63.60046	176.48742
63.61793	176.48467
176.09209	-30.27886
176.09174	-30.28147
182.95891	11.82936
182.96012	11.82877
182.97445	11.84276
182.99375	11.86217
139.70542	-93.01718
181.45312	-9.23620
173.22683	-40.62194
174.08499	71.90243
176.78127	63.73354
124.54534	-108.34073
182.02864	-13.74947
184.57162	7.97993
184.57449	7.98821
184.57427	7.97888
181.94387	46.36683
164.48423	-62.72735
152.13733	-81.43304
181.62768	52.10003
144.68733	-91.42384
57.94103	179.05541
124.85606	144.97608
185.25110	-1.21456
124.86460	144.99097
185.25357	-1.24159
142.63015	-94.38026
186.16287	9.24749
146.96012	-90.07878
179.58164	-31.85611
186.81475	19.73796
186.81480	19.73770
115.34738	152.92548
115.33649	152.93852
162.13346	-71.45769
185.99038	-6.76623
170.23895	-58.53356
184.35994	48.91376
158.89110	109.46920
115.50243	-119.39946
163.64900	103.28001
181.31097	64.61691
181.34264	64.71003
181.37308	64.69135
181.40394	64.61503
143.78904	-97.64965
188.03874	-6.34148
188.41061	33.53109
189.01907	27.37135
135.33670	-106.25931
187.54610	-14.44566
112.36192	157.04665
112.36454	157.04496
190.17823	27.50174
166.87014	100.78033
166.92940	100.92084
166.98388	101.03228
167.88401	99.59012
166.88134	101.38106
167.19662	100.89739
167.71276	100.10032
167.41797	100.61316
190.71863	29.33235
167.65657	100.48386
167.87692	100.14842
167.91731	100.08396
190.74657	30.84879
167.58301	100.74520
95.16959	167.85452
168.01156	100.12255
167.63811	100.83529
167.73841	100.69693
97.68016	166.69358
178.79243	-51.45490
180.83403	-47.23960
134.98866	-110.44918
173.46279	-63.85314
82.17313	174.14538
40.04346	-143.68569
189.60258	-21.23975
188.79153	52.60943
188.78851	52.63406
175.97773	-61.78869
133.95417	143.37373
133.95307	143.37529
138.50364	-109.43509
176.11172	88.75544
176.11443	88.75318
176.11512	88.75267
191.79136	-14.69910
188.82700	54.58423
89.44637	171.74374
193.40685	-4.93391
16.28245	-141.79736
183.79053	71.95205
190.47728	49.37105
190.49061	49.35014
190.62754	49.44144
190.63069	49.42821
190.69343	49.44754
190.71034	49.43813
194.78383	22.17043
149.68941	-101.19794
191.53252	48.12579
23.89878	-143.32270
191.68792	49.11986
185.10145	-47.08546
150.25792	129.46448
150.25578	129.46894
150.24225	129.49114
150.25319	129.48548
24.87381	-143.58798
62.03344	181.52253
62.05355	181.52771
195.75055	-0.45994
195.75082	-0.45790
191.85918	-26.43593
79.52241	176.66925
79.51843	176.67235
160.76940	-91.17845
195.22973	34.22886
191.81625	-29.19395
173.55091	99.34126
194.32073	-20.71212
30.05274	185.66138
30.04783	185.66427
194.35328	-20.78699
194.36795	-20.81759
194.36922	-20.81958
194.36257	-23.91130
193.07982	-29.74822
168.87673	-83.38201
145.59066	-109.67169
182.39700	-60.24824
182.38898	-60.29829
182.38897	-60.35400
182.38422	-60.43534
193.88821	-27.35287
193.61832	-29.01282
62.20829	-146.01598
198.97048	9.90690
187.00928	74.70923
31.56992	186.03329
77.20558	178.77622
77.18062	178.79512
183.15853	-61.76700
175.82814	98.59036
175.83625	98.58973
175.20419	-77.58825
193.40649	57.54950
161.35912	-97.04339
194.02860	56.31645
173.72316	103.55570
198.27626	-16.41056
198.33000	37.39165
67.64677	-147.10452
188.40325	75.43008
195.89379	52.31045
182.82123	-67.10098
172.39282	107.09014
172.46291	107.00933
178.30019	97.28391
178.28567	97.31332
178.27146	97.34383
28.26174	-145.94869
200.41879	-9.52039
12.34135	-142.23355
12.07969	185.22562
201.32001	20.60578
191.39218	-49.30205
200.76731	28.22998
181.13309	-72.08388
199.59483	37.37624
199.59748	37.36938
199.61129	37.32507
77.77572	179.92896
201.16438	-6.46445
156.73391	-105.46257
201.97164	8.50577
93.42814	-143.85235
180.86548	-73.93255
94.68181	-143.71688
180.60751	-75.11440
151.01321	-112.25007
49.06656	-149.20762
194.46833	63.24637
194.46756	63.25266
95.64939	174.00646
202.58786	-1.21088
189.99580	76.17332
201.82501	28.94219
152.59335	-111.48147
139.42001	-122.48316
155.94773	131.02388
142.42126	-120.27886
158.21830	-106.15228
198.13765	52.37488
198.14783	52.34500
117.96251	-136.08498
189.06516	79.90986
189.06512	79.91212
189.06320	79.91852
161.82089	124.96224
161.81382	124.97186
161.81308	124.97389
161.81742	124.96906
203.09859	23.62266
203.10004	23.62093
147.82082	140.09125
147.82330	140.09221
202.24331	33.27081
196.05926	61.54073
196.06056	61.54223
203.65892	19.36979
203.63660	-4.45145
32.07714	-148.09992
148.72207	-117.23652
204.39436	11.29756
21.26971	186.74694
47.39489	187.06595
199.48325	-35.72441
85.37596	179.28387
97.71758	-145.91173
202.41339	39.47561
166.08206	121.52697
139.58473	149.09597
192.12563	76.85826
192.12944	76.85633
138.05770	150.63817
47.25652	-151.26192
103.69366	172.39129
205.83886	3.93019
85.46216	179.77437
176.13585	-89.85059
195.15745	-53.33694
156.02876	-113.50982
115.15052	-141.00132
98.66126	-147.05822
202.99925	-26.19233
161.56245	128.45627
196.11015	-51.97879
196.11071	-51.97751
206.37901	11.27999
190.70809	-66.09326
63.27948	185.84741
203.98604	-24.66367
161.50137	129.17253
168.23292	120.97856
156.09411	-115.23978
205.19879	33.62550
173.58093	-95.76684
26.36562	-148.11561
207.12853	13.99701
195.60904	72.25610
166.63902	-105.04641
198.02085	-50.05175
202.51002	-34.75710
157.68725	-114.71609
189.44471	-71.67203
183.03871	-83.53741
205.98890	33.59826
167.43982	123.29425
201.43415	-41.06726
203.43446	-33.67774
40.40944	188.58865
151.78825	140.87214
205.83646	-24.71607
205.83949	-24.72206
205.84621	-24.75219
205.85209	-24.78842
205.85537	-24.79979
207.37192	-14.75101
191.27449	-70.59979
191.28860	-70.58253
201.33575	-45.55943
203.73725	-36.77488
161.56305	131.85180
206.93512	-23.21807
207.03391	-24.15694
133.23458	158.28058
208.81241	-14.77533
207.21658	-26.26858
136.82320	155.94690
136.84706	155.93519
136.86230	155.92822
111.16986	-148.71284
111.10974	-148.76470
182.48829	105.46872
210.02767	19.59430
136.82248	-136.58941
23.87477	-149.21472
124.83461	164.89286
29.92991	189.28771
189.68472	93.96137
189.69073	93.95161
211.07566	-0.47889
175.58816	-102.23762
87.27260	182.76561
87.24840	182.77720
87.24585	182.77931
201.07464	-55.04905
149.07721	-129.25781
149.03477	-129.34428
164.56106	131.20003
148.99015	-129.43294
129.59746	-142.33912
140.83170	154.37361
133.70851	-140.71648
211.72183	14.40462
120.71854	-147.88132
210.63149	-18.66977
108.31350	-152.99357
203.30275	-52.41278
203.30996	-52.39483
138.78856	156.63907
188.89214	97.98419
211.30005	27.65880
110.50017	-152.67156
200.62497	-60.79644
151.53546	-129.84166
210.65037	-22.51681
147.66708	-133.13701
138.41129	-139.61284
110.55463	-153.05040
187.08259	-89.27083
146.44555	-134.21554
146.38765	-134.27852
146.33157	-134.34154
194.18234	88.35054
141.30784	-137.92563
115.17639	-151.57486
127.11139	-146.31878
112.45022	-152.69624
203.47912	-54.29113
112.28279	-152.79260
111.45742	-153.17972
145.46873	-135.48527
111.27894	-153.32974
111.17504	-153.37167
196.87622	-71.63793
202.67967	-57.22776
57.52794	190.36626
111.90579	-153.75146
199.26823	-67.20566
116.10881	-152.25034
206.31209	-47.26448
107.14123	-155.54173
113.02190	-153.71721
108.16209	-155.45220
108.14833	-155.48022
205.75708	60.77393
203.78472	-56.81591
113.24673	-154.07834
196.72649	-74.55280
198.51022	-70.65136
171.84497	-113.19289
108.52871	-155.87114
189.22977	-88.92714
116.20471	-153.24841
201.15402	-64.50423
201.15801	-64.54607
201.16117	-64.56373
116.28601	-153.28491
211.14098	-29.56522
201.16331	-64.61871
200.77816	-65.64494
116.31056	-153.33978
207.94129	-44.16257
116.41111	-153.33760
147.93277	-135.81443
115.60201	-153.69618
214.28743	3.17818
210.86994	41.09619
112.03434	-155.02389
111.21606	-155.31515
111.22784	-155.33292
210.26816	-34.92394
135.12309	-144.90731
212.28654	-25.53725
115.29756	-154.46495
177.58868	119.42551
115.26048	-154.57741
47.11128	-159.36600
211.00995	-33.73422
117.74871	172.77565
197.96366	-74.28917
197.89268	-74.45535
197.90256	-74.44290
119.28302	-153.42937
119.22338	-153.45609
131.97158	164.22092
211.65542	-31.65596
17.31645	-148.60103
118.45233	-153.99405
113.34380	-155.95388
113.33682	-155.96618
30.83221	191.01506
47.58615	-160.14616
214.07816	26.54849
115.45815	-155.81472
40.54491	192.00489
106.40896	178.97567
185.24170	109.44447
185.25292	109.43818
195.36105	-81.73619
111.62363	-157.64516
111.52605	-157.71734
111.26025	-157.85273
145.09790	-140.77944
148.11349	-138.73972
214.10107	30.22987
119.74229	-155.00800
23.97975	190.28765
115.90107	-156.58084
115.83980	-156.62989
150.77522	-137.04300
150.76718	-137.07777
150.77840	-137.07614
150.69098	-137.14575
163.44855	138.38318
119.00347	173.23842
119.00609	173.23922
119.00993	173.23905
117.68879	-156.17178
118.44063	-155.93570
210.98379	49.52941
213.12441	-31.39310
172.46115	-117.43195
119.27224	-156.27619
122.31151	-155.02116
119.35860	-156.26586
211.33410	-41.20340
215.81671	21.30768
215.41227	-18.19216
181.78486	-106.55138
184.83458	-102.31669
212.29340	-37.86764
162.81638	140.39719
216.75166	12.86688
185.74433	-101.70497
212.81650	-36.81629
61.66121	-165.19424
205.68774	70.17493
121.38601	-156.74658
208.80752	-52.96613
121.81023	-157.37397
121.80445	-157.39661
121.86213	-157.38961
121.75209	-157.46213
108.26055	180.22557
216.04877	28.96088
51.38564	-164.40906
215.07705	36.07673
82.20805	189.68910
82.21662	189.68772
73.86615	191.53629
125.75136	-156.79447
125.67374	-156.85367
125.63209	-156.89695
193.67439	-91.56305
125.82760	-156.90369
125.29262	-157.18589
70.00195	-167.86381
125.45776	-157.14035
125.80364	-157.03349
125.92175	-156.98391
125.75469	-157.06644
125.65997	-157.15310
125.79056	-157.09560
125.77893	-157.10113
124.85940	-157.52985
125.67927	-157.15309
124.69165	-157.63184
124.49183	-157.72524
124.79131	-157.60261
183.08351	-108.70068
124.09392	-158.11501
124.19439	-158.07655
125.20534	-157.61955
123.76759	-158.27236
216.67118	28.61360
124.27531	-158.06738
124.69411	-157.88263
124.49522	-157.98819
124.59089	-157.95242
124.90292	-157.81475
125.04054	-157.75652
124.77472	-157.88341
125.17373	-157.70406
125.67826	-157.49791
125.26508	-157.69154
125.75821	-157.46808
125.61842	-157.56953
125.73217	-157.51855
126.16464	-157.32264
125.20321	-157.78563
125.05507	-157.90816
123.78328	-158.50783
123.66345	-158.57185
125.06173	-157.94807
123.50227	-158.65112
123.33467	-158.74130
123.95922	-158.46491
124.03078	-158.44191
124.81388	-158.09193
124.92769	-158.04763
123.20137	-158.82327
207.11944	69.89315
124.68748	-158.17657
124.57486	-158.24238
123.77794	-158.62389
124.28235	-158.39961
123.45226	-158.78240
125.94601	-157.65719
123.88308	-158.61174
124.49514	-158.34143
123.50568	-158.79451
123.77094	-158.67764
124.56735	-158.32152
123.60039	-158.76144
125.41216	-157.99450
124.49604	-158.41446
125.35953	-158.02153
123.98863	-158.66412
124.09631	-158.61876
215.93529	35.27273
125.11999	-158.17276
124.99136	-158.23432
123.98241	-158.70836
150.58370	-142.86031
125.53317	-158.01634
123.86436	-158.78088
150.64751	-142.82418
125.66926	-157.98734
125.54671	-158.04611
126.27556	-157.70623
122.86307	-159.25358
125.94411	-157.87593
125.66387	-158.01698
122.85615	-159.30266
123.33708	-159.18003
122.99339	-159.34384
124.76768	-158.56625
125.05682	-158.44344
123.25335	-159.29051
123.55666	-159.16356
125.41421	-158.32628
125.24032	-158.42534
125.97777	-158.08637
78.91279	191.28194
216.95259	-23.25044
125.32603	-158.44505
124.85718	-158.71761
46.86386	194.51863
126.01342	-158.27006
125.08547	-158.73287
124.90961	-158.81929
124.96933	-158.79306
124.50512	-159.12866
179.57345	-115.12854
208.34827	-61.77342
41.24604	-163.46710
217.45068	-23.44809
131.69659	-156.47907
206.61924	-67.30833
98.61679	-168.52318
139.41263	-152.29308
99.02740	-168.57707
198.90922	92.07740
198.90770	92.09027
99.50416	186.22746
130.92763	-158.02007
130.84536	-158.06984
220.11785	0.06559
154.41778	-143.64738
154.42968	-143.64081
149.48229	-147.48436
48.94688	-168.04560
103.08174	-169.91663
131.00631	-159.73907
23.28466	192.49651
132.97933	-158.73279
114.29755	180.76060
220.55346	1.99546
134.71876	-158.22423
89.87975	-173.16034
194.32540	-97.75789
194.33133	-97.74889
136.22122	-157.60981
136.18052	-157.64995
119.39211	-165.92717
148.26935	-149.96802
128.56659	-161.95309
128.54027	-161.97227
202.33766	-82.90147
218.91237	-26.84608
219.85315	-19.71292
176.37381	-124.52391
40.54713	196.38056
42.89504	196.61594
213.90809	-52.98231
111.28251	183.39535
217.85079	40.29555
143.26321	-155.13835
137.83031	-158.58563
137.82898	-158.61067
136.94597	-159.23532
137.01372	-159.19584
136.88207	-159.30925
32.15255	195.54955
138.30236	-159.09464
138.39641	-159.04301
138.32422	-159.12850
138.22589	-159.19021
140.51382	-157.87085
199.57943	96.18931
176.86295	-126.01221
130.54437	173.73820
209.87321	-68.28998
142.59010	-157.22356
141.12997	-158.22049
141.04590	-158.30341
217.28630	46.86888
144.46134	-156.12784
197.31223	-96.74904
143.11520	-157.58043
158.33447	-146.42015
158.25497	-146.49293
57.02941	-176.01193
159.95052	-145.12993
147.11246	-155.63841
186.40906	-115.59669
36.13290	-168.25033
142.59011	-159.18511
142.74360	-159.09130
142.45969	-159.29201
142.61473	-159.20511
81.80681	-179.73999
159.35503	152.40149
148.02560	-155.57106
115.08777	-173.41501
178.77518	-126.17313
210.58280	72.98792
161.00793	150.91736
140.81021	168.10811
187.16305	-115.36001
35.02902	-168.39541
220.81416	32.46926
162.39709	-144.13930
108.24866	-176.46977
152.06761	-153.40384
199.96235	-94.81078
73.28642	198.13023
70.28016	198.65400
27.84566	196.29824
29.41874	-165.57144
27.85215	196.30435
94.00476	-180.21132
93.96973	-180.23516
148.74010	-156.27448
43.07524	-173.53470
148.57765	-156.59400
190.87507	-111.00220
150.23297	-155.66588
206.40659	-82.23430
200.35247	-95.05679
151.28460	-155.10941
153.76099	-153.59105
98.22852	192.52520
82.50092	-183.46301
185.10827	124.40791
53.43904	200.94027
183.57697	-123.02416
120.50709	-174.93450
85.19013	-183.90762
187.11603	121.82205
151.63003	-156.54268
118.20090	-176.38812
45.27553	200.90865
100.45331	192.44060
100.41717	192.45497
100.38680	192.46694
160.02620	-149.55767
72.99296	-184.37066
162.80704	-147.06903
171.96533	141.63498
160.40180	-149.36356
155.52468	-153.62537
157.94557	-151.59834
224.05737	12.95653
157.89912	-151.68060
157.80653	-151.76153
166.30648	147.94215
161.74190	-148.30132
166.20215	148.06111
166.13125	148.14547
161.81446	-148.33262
160.87177	-149.23773
224.44819	5.82264
161.83670	-148.51810
161.72536	-148.62792
218.47367	52.02710
218.91936	50.16937
219.01086	49.78938
160.37412	-150.05476
159.76307	-150.61721
21.24615	-162.58805
224.26525	-12.12913
164.12249	-146.72549
164.28179	-146.57552
163.93537	-146.92675
63.18584	-184.48979
163.13174	-147.81741
161.80355	-149.08096
161.55538	-149.33650
161.59123	-149.30885
161.59739	-149.30351
166.49301	-144.58782
223.42462	24.86527
223.38778	25.19983
223.40461	25.05300
204.93059	91.86492
165.59198	-146.25948
178.27611	-132.39390
178.08135	-132.70407
14.56479	193.15122
14.55082	193.17707
14.53480	193.20011
153.58607	-157.50921
51.46905	-183.41047
170.06808	-142.18523
169.07620	-143.29058
169.25943	-143.10056
178.11135	-133.16095
168.22094	-144.30050
100.39366	194.27331
65.16963	-187.55322
65.15541	-187.55783
122.68484	183.87503
143.97174	169.76867
218.76207	-52.66696
171.67953	-141.13551
171.43701	-141.41023
171.35979	-141.49554
171.44756	-141.41146
170.02986	-142.98819
170.01973	-143.00875
169.99549	-143.04985
171.57086	-141.48575
173.22725	-139.72192
173.56038	-139.37855
173.48871	-139.50228
173.40469	-139.59733
173.31403	-139.70578
157.19536	159.09400
176.41249	-136.53431
176.26234	-136.71666
176.38779	-136.57514
176.37171	-136.61206
173.12963	-140.46422
179.27501	-133.36128
66.43872	-191.46442
182.69914	-129.63577
182.71280	-129.62367
182.74200	-129.58661
182.68431	-129.67040
182.64528	-129.72305
180.75517	-132.76237
210.01678	-82.45884
210.03948	-82.40599
185.46298	-126.61122
75.47270	-193.77908
188.23682	-123.04536
53.96967	206.23787
224.55185	-28.99554
48.56312	206.27060
21.45923	-169.83844
175.92385	-139.61353
190.67771	-120.06002
175.13775	-140.73685
177.93432	-137.42264
175.05984	-140.83774
190.05176	-121.17211
77.37983	-196.03757
85.31280	-195.45566
148.51382	168.78067
196.24477	-111.62109
178.52345	-137.05677
194.61025	-114.50933
226.90546	0.18351
12.86770	-160.86824
148.63686	-167.29727
198.15343	-109.12350
200.78091	-104.46160
200.90691	-104.22757
200.79742	-104.44179
200.76877	-104.50482
200.63000	-104.76959
209.31513	87.57368
209.08720	-87.83648
209.14316	-87.72113
208.93358	-88.21564
208.96074	-88.16598
209.02912	-88.01336
208.90831	-88.31629
199.18936	108.73292
208.71431	-88.85770
208.60251	-89.12294
208.64122	-89.03919
208.72072	-88.86497
84.39298	-198.81042
208.57425	-89.21594
91.23574	-197.69394
129.36648	-181.80509
77.47124	-200.17526
6.71520	-152.48545
77.39657	-200.21198
216.23883	-69.69517
216.17007	-69.90699
217.31044	-66.51607
216.94472	-67.70715
27.72505	-183.15525
217.00798	-67.52144
78.39684	206.80088
61.46242	-200.52983
216.00711	-70.87241
64.85689	-201.55823
143.36877	174.65541
43.87468	210.05568
219.38865	-60.23541
219.48792	-59.89375
219.34996	-60.39516
160.52398	159.99766
186.98128	-128.42786
97.75181	-197.97613
97.73847	-197.98229
220.22322	-57.33638
216.04787	71.77496
90.11590	204.32651
55.82378	-202.06222
225.70415	-30.77571
57.90180	211.52816
45.51739	-200.17519
225.92182	-29.90478
226.22272	-27.87796
226.40737	-26.38590
226.79803	-22.87722
226.75768	-23.32956
226.83208	-22.65826
103.80536	-197.42797
67.34000	-205.31981
226.84645	-22.65143
226.86358	-22.54698
226.83628	-22.86611
226.93834	-21.85311
227.02417	-20.99899
78.23497	-204.77156
110.80154	196.41550
100.27276	201.35405
100.35962	201.32492
51.58484	-204.03137
225.49957	-33.93528
69.30296	-206.38054
203.34167	102.95565
227.72408	13.42878
20.19210	-181.57215
137.13665	-179.63200
45.09531	-202.83024
36.74217	-198.71611
15.95232	-175.93791
12.45128	199.76977
47.66187	-204.91584
228.21225	2.43895
123.28391	-188.96887
199.61259	-110.02523
147.23789	-172.75062
71.34582	-208.59954
38.81909	-203.33124
218.10462	67.51351
59.14558	-209.23080
54.03617	214.62456
226.23394	-31.20090
85.17923	-206.34956
45.06210	-206.95462
85.15410	-206.36013
220.43015	-59.58531
31.33504	-199.54142
31.29049	-199.54709
79.50148	210.35367
45.83052	-207.83159
169.80310	-151.90064
200.37252	-109.27435
185.51356	132.90801
23.76401	-194.09346
14.18868	-179.33041
73.82550	212.44981
108.64671	-198.39653
27.98802	-199.88915
14.67763	-181.25901
228.10599	-14.92663
120.51931	-192.29818
225.02457	40.36529
11.19118	-175.25547
17.54939	208.56200
181.41917	138.75241
42.86051	-211.21715
20.11051	210.73789
8.27250	-168.33666
116.95357	195.21661
53.10650	-213.62980
11.27148	-177.21666
31.71780	216.16157
31.70471	216.18615
184.15333	-135.18832
147.48261	174.17951
27.44242	215.36587
46.00794	218.10593
22.40634	-200.27439
121.62069	192.82186
121.61237	192.83203
23.56910	214.63754
68.67035	-214.12207
26.92224	-207.62058
87.24329	-209.23708
178.25868	-143.13734
119.45603	194.36653
119.42692	194.38471
150.84029	-171.59055
94.01074	207.39968
52.49245	-217.04061
96.55260	206.44888
96.36547	206.53772
26.16586	218.09155
96.23505	206.59936
30.36991	-213.32128
33.25166	-215.18754
96.54978	206.54901
130.41525	-187.49591
57.40647	-217.81143
57.36163	-217.82225
24.39208	-211.15979
170.85050	-152.20500
79.04839	-213.20766
69.66259	216.50072
78.88486	-213.26909
78.74672	-213.32144
62.39071	-217.61082
94.99094	207.52217
14.09136	-200.15835
49.30855	221.12439
72.89597	215.98131
27.14647	221.38960
9.91858	-191.79431
6.46800	-178.83403
65.49145	-217.66325
16.52376	217.53715
37.76226	-220.99767
11.13228	-199.68068
24.88213	222.22537
11.84758	-203.08110
6.72773	-186.20349
13.51703	217.58138
23.52179	222.56805
23.12640	222.70559
22.41588	222.54890
12.06592	-205.92609
22.33528	222.61434
22.55449	222.72301
22.01997	222.71540
89.39694	210.51975
44.79423	-222.60367
20.64959	222.83521
20.67463	222.85069
55.27681	221.48478
19.01668	222.96659
30.04903	224.55636
28.24279	224.76524
27.65650	224.76679
27.58529	224.76683
27.29360	224.79835
16.66024	222.85069
170.33246	-153.23115
3.79489	207.29364
1.32394	196.56331
18.25412	-225.48128
3.17629	-191.95922
68.98494	-218.39406
2.15948	207.59040
7.61284	223.82942
2.88068	-197.86874
8.76569	-223.00283
10.15302	-225.35803
11.76667	-226.56851
3.01045	217.80264
2.97597	218.91993
14.69977	227.98354
1.58208	-193.46266
0.67659	201.89403
0.79590	-184.88805
1.64341	-215.05943
3.23846	226.53127
1.92239	-224.67900
-0.72956	-189.66143
-17.00138	228.04594
-14.02296	227.78395
-7.53426	225.14720
-8.42909	225.11103
-8.74205	225.09195
-8.84332	225.07856
-14.02006	225.98868
-6.62661	220.36352
-2.90086	-185.77774
-3.76401	207.48198
-29.24687	225.62841
-62.62259	219.93580
-0.23459	-141.43654
-20.39141	224.18882
-20.56265	224.20391
-20.59152	224.20327
-6.19322	211.14436
-88.45610	-211.02884
-19.97295	223.55081
-18.93432	223.23672
-19.43979	223.22495
-19.51846	223.16291
-34.31559	224.31776
-214.53762	80.39531
-214.50938	80.46997
-15.54099	220.53120
-10.50490	216.09454
-5.55888	-183.62115
-5.56774	-183.62905
-35.09248	223.63619
-147.76152	-174.89646
-28.39201	223.32959
-32.80090	-221.82945
-227.99337	-22.17730
-52.30532	221.31169
-28.50932	222.49301
-34.81153	222.82619
-32.65121	222.72376
-28.03018	221.94204
-28.52033	-218.66771
-28.19072	221.91263
-33.72229	221.89689
-21.27708	218.71497
-45.07221	-219.53046
-37.27666	221.32137
-19.49049	216.98730
-37.87113	221.23302
-16.98026	215.29870
-37.86444	221.19747
-38.15697	221.16539
-30.46076	220.26526
-36.61698	220.87344
-18.83714	215.88867
-97.65663	206.16848
-29.15010	-213.90317
-148.75886	173.66376
-29.37705	219.41166
-4.53471	-163.20638
-16.87640	-199.55318
-20.96423	-204.83647
-20.97157	-204.83032
-15.05423	211.69757
-172.59737	-150.01243
-200.96526	109.43906
-22.53550	-205.44124
-22.53789	-205.43894
-60.59953	-216.12714
-41.05160	219.42076
-72.95108	214.57931
-31.23448	217.85500
-27.05948	216.45410
-42.75586	218.73111
-45.64458	218.58678
-45.92546	218.52677
-61.36733	216.65248
-136.95830	182.39074
-46.46762	217.59034
-7.91921	199.03638
-34.56475	-208.48085
-46.79826	217.51407
-38.36865	-209.59839
-38.42973	-209.56197
-13.27051	-179.35053
-47.71830	216.62236
-7.81522	197.74119
-89.35712	207.89229
-89.54400	207.81159
-98.16808	-203.02436
-162.87153	-159.26097
-10.69751	-171.18901
-68.25341	-209.42408
-18.08771	-182.68723
-35.69725	-201.49435
-33.38713	212.70619
-83.64108	208.63735
-150.71206	170.37393
-63.98273	-207.34827
-28.17243	-192.28129
-62.50491	212.15222
-171.96126	-148.38236
-154.76196	-165.46061
-81.40442	-204.17901
-56.04000	-203.69184
-56.03179	-203.67607
-56.02335	-203.65847
-56.07422	-203.64472
-76.10247	-204.28218
-87.68290	-202.23142
-146.70803	172.76249
-36.97482	-195.56339
-58.42395	-203.06040
-11.84848	197.18528
-31.82369	-189.69381
-56.23763	210.99500
-53.18232	211.02923
-222.18742	-49.27435
-81.20764	206.61181
-66.56042	-202.12405
-66.57235	-202.09581
-66.70734	-202.08589
-66.61928	-202.06863
-66.77921	-202.06660
-66.78307	-202.06444
-66.80205	-202.06347
-59.30059	210.06050
-34.04484	-189.17589
-153.70798	165.92492
-114.26415	193.16032
-43.72567	-194.91459
-58.74634	209.80076
-109.05834	-192.64260
-148.36899	-168.93226
-55.34013	-198.60849
-55.47544	209.26731
-34.75544	206.89098
-97.06050	200.25931
-56.11793	-197.16206
-56.11610	-197.16026
-73.80031	-198.94783
-157.71103	161.50154
-38.84825	206.98813
-86.66101	-197.01665
-86.65795	-197.01604
-189.42214	124.12154
-41.87420	207.04050
-67.94483	-197.18378
-16.73428	197.90233
-40.51161	206.74429
-40.51935	206.74384
-223.09497	41.59587
-68.65522	206.70725
-58.18092	207.59791
-61.98729	207.36493
-117.66534	-186.05983
-117.62098	189.75411
-77.56172	-196.28255
-225.36772	24.25212
-126.87597	-180.49662
-105.93043	-189.85733
-226.51447	7.12456
-153.26857	164.43004
-164.87091	-151.47007
-161.89096	156.37293
-197.95354	-108.10176
-193.07053	117.51193
-193.02293	117.58464
-69.04738	205.46401
-65.83045	205.84482
-69.29361	205.39888
-66.82217	205.62052
-36.92246	204.40606
-36.93536	204.39375
-57.81788	206.08035
-136.85825	176.76985
-147.39086	-165.67582
-61.70411	205.33569
-90.11234	199.82519
-209.19808	-84.10957
-209.17898	-84.14929
-209.18967	-84.12322
-107.16014	-187.37121
-73.50340	203.77139
-5.88493	188.50818
-5.95801	188.56881
-7.18421	189.50944
-7.18359	189.50809
-199.51446	-103.81299
-102.47768	-188.28102
-215.73171	-65.73642
-77.10885	-191.90700
-129.22632	-176.78390
-9.23664	190.74359
-127.57771	181.79032
-171.80942	-141.88857
-40.71386	-181.10228
-115.33815	-182.39799
-73.40123	202.39298
-184.73872	-125.55230
-64.62888	203.48644
-78.37787	201.35858
-89.53831	-188.78308
-127.14517	-176.14186
-127.19175	-176.09994
-127.24278	-176.05356
-108.62037	-184.06904
-114.55183	-181.82023
-116.73924	-180.73493
-225.25735	-5.66059
-67.89465	202.68157
-214.89841	67.30791
-106.23587	191.82516
-225.16827	-2.47631
-63.27043	202.72200
-197.37657	-104.74517
-69.60989	201.83210
-62.32274	-185.39648
-69.86906	201.48646
-186.27235	124.33870
-186.30741	124.28805
-186.34547	124.23231
-203.98748	-91.28171
-204.01590	-91.21923
-204.04121	-91.16287
-125.60299	-174.07972
-71.79354	200.63196
-15.88240	-157.29376
-9.02011	-149.73192
-224.50281	6.47811
-212.39392	-70.12171
-55.17333	201.71852
-127.73192	-172.52317
-142.32835	-163.60749
-224.27729	2.09677
-224.23846	-0.41749
-224.23820	-0.41550
-224.05374	-7.53750
-223.03707	-21.37868
-45.35451	-176.85444
-123.15565	-173.73804
-94.61788	-182.65738
-99.61095	-181.65381
-92.11038	195.00552
-209.60833	-75.75260
-103.27488	190.76877
-52.30565	-178.63202
-223.84925	2.20725
-144.68028	166.34469
-100.47633	191.31548
-153.15963	-153.52017
-188.08282	-115.54364
-131.62957	-167.86591
-45.16777	199.76976
-25.42321	-163.35391
-132.35587	-167.30175
-142.46974	-160.94979
-183.24038	125.86568
-101.61421	190.22347
-83.62537	-180.45380
-83.66845	-180.43466
-94.27024	-179.17434
-208.45864	-75.54716
-7.65766	-146.59311
-129.59181	175.72461
-176.94361	133.22505
-57.49958	199.08386
-50.64386	-174.37126
-187.50844	118.22058
-187.43707	118.32626
-136.86804	-161.98910
-212.33199	-63.04699
-170.35292	140.39273
-54.40330	-174.69825
-63.20220	197.92440
-37.88452	-167.95869
-124.51645	-167.46898
-153.06677	157.07187
-71.33171	-176.97771
-64.14463	197.52316
-76.23421	-177.04350
-155.82837	-146.92637
-217.09001	-42.58280
-203.26823	-83.65564
-72.54093	196.06489
-121.32235	-167.66142
-68.41176	196.45145
-146.61777	-153.05081
-146.59553	-153.06226
-146.56097	-153.08510
-89.08392	-175.45112
-221.52685	-0.07088
-221.52621	-0.04433
-221.52191	-0.07947
-221.52181	-0.08611
-221.41210	-3.54350
-80.33801	194.09914
-70.46768	195.83706
-75.06206	-175.05550
-111.14562	-169.71252
-189.57726	-106.31181
-189.57256	-106.31863
-118.47306	-166.62275
-148.70280	158.76542
-127.26199	-162.49536
-66.38949	-172.96521
-76.95009	193.84523
-192.68438	-100.10275
-67.34873	-172.35517
-195.09796	-95.42995
-195.01721	-95.56948
-194.98472	-95.61924
-194.83930	-95.86343
-151.20984	155.86593
-210.24478	-60.50129
-213.05012	55.99848
-187.72423	-106.69229
-63.95385	-170.83657
-90.76263	-170.46031
-178.74561	-117.60478
-96.86652	-169.40616
-96.62882	186.88827
-154.31007	151.86483
-154.29109	151.88104
-154.43337	151.74957
-67.65069	193.80084
-218.74289	-9.78804
-82.04856	191.02155
-168.05533	137.54638
-83.41947	190.32957
-75.41429	-169.36645
-194.66660	98.74142
-157.70740	147.62146
-156.97515	-137.43174
-172.31444	-122.37684
-157.16303	-136.75732
-157.20429	-136.70401
-178.21738	123.35909
-177.59891	-114.67751
-51.90701	-164.40157
-135.66358	-150.55625
-214.97962	34.80497
-156.77126	146.73220
-156.78161	146.69141
-156.77713	146.69393
-156.79500	146.64962
-196.38066	-83.86730
-68.64530	191.71107
-173.82096	-117.58490
-167.09666	135.84731
-123.53611	-155.71505
-107.68673	-161.37255
-198.26306	88.04779
-206.69695	66.64930
-82.62163	188.36847
-216.50200	6.21683
-216.28855	-5.24306
-216.28572	-5.20122
-216.26871	11.26748
-46.25190	192.76936
-213.20076	-31.19822
-175.04549	-114.42560
-213.17809	38.54651
-67.53214	191.09092
-66.29996	191.24845
-99.89987	-161.50503
-163.83013	137.80883
-214.94236	22.74300
-203.38041	73.16010
-215.62741	-3.96615
-215.71813	8.27313
-91.06229	185.09343
-104.92702	-159.66467
-215.63748	5.66749
-215.62962	5.72904
-150.02169	150.90819
-72.77767	-163.52175
-74.84551	-163.27369
-50.58247	192.00800
-213.86730	27.95928
-112.65065	-156.60387
-150.89356	149.78219
-135.03920	-146.02598
-36.09261	-156.60391
-89.17389	185.13459
-73.20499	189.19627
-210.62142	43.74833
-112.25396	-155.10159
-160.86237	-124.99156
-92.90524	183.24512
-142.05017	155.94616
-157.22686	142.24223
-120.16447	-151.24185
-85.77307	185.22817
-165.81497	132.62540
-210.20399	40.26893
-103.25959	-156.19581
-138.66847	-139.76511
-211.16415	-20.51149
-177.53153	116.70838
-68.41647	-159.57053
-181.92119	-97.09850
-199.34536	76.09545
-209.69411	38.93303
-209.66657	39.03580
-211.88259	-10.96484
-208.99030	-31.04656
-89.69021	182.89252
-208.97918	-31.00005
-104.96270	-154.20571
-208.98201	-30.92286
-75.22500	-158.94209
-83.39673	184.74515
-83.32927	184.76012
-83.32765	184.75131
-83.37925	184.73183
-83.49235	184.68809
-134.64024	159.61902
-83.41564	184.68857
-83.45148	184.66771
-96.63850	-155.97887
-85.15312	183.95147
-211.74731	-4.26548
-165.19186	-115.87946
-204.28175	-47.18808
-100.45418	-154.43359
-179.50428	-98.32752
-90.95342	-156.45881
-169.14052	-111.27912
-174.51154	-104.87190
-207.33674	-35.15167
-160.59881	135.86584
-200.36901	-57.60909
-62.91077	188.51376
-118.22761	-147.31577
-142.39796	-133.90559
-142.40730	-133.89556
-209.97053	-13.89832
-85.93512	182.98493
-169.86844	-108.64175
-201.53659	64.88976
-194.46835	83.15536
-194.47606	83.13436
-93.68506	180.16949
-74.78763	-156.82192
-95.63751	179.39966
-93.75679	180.09923
-122.64777	166.01857
-94.00860	179.98192
-95.84239	179.27462
-209.65095	-13.34956
-95.67398	179.33631
-209.63920	-13.37646
-95.26891	179.43677
-95.37229	179.36543
-93.06473	180.21561
-92.94414	180.25727
-94.85739	179.52287
-94.96939	179.45759
-93.81001	179.89347
-94.82586	179.50636
-95.46726	179.22755
-94.07069	179.68230
-93.67387	179.79658
-96.22195	178.81442
-94.99196	179.28985
-93.55240	179.83203
-96.04452	178.87370
-143.77541	-131.22050
-94.41626	179.48156
-96.25554	178.75016
-28.77449	188.86794
-109.60651	-149.07650
-195.88807	-64.63487
-70.26880	-156.26800
-193.82759	-69.19510
-179.84974	-93.83496
-179.84337	-93.84210
-93.48201	179.72125
-95.29586	179.02989
-92.81936	179.95363
-148.21296	146.28289
-96.13647	178.69010
-95.23153	179.02267
-95.37146	178.96790
-95.41109	178.92918
-95.86855	178.71111
-110.98341	-148.12554
-19.70413	187.66626
-198.47794	-57.05161
-198.47875	-57.04201
-158.14123	136.33940
-194.28413	80.98029
-189.26306	91.67852
-174.02926	-100.38584
-95.49563	178.52705
-174.04043	-100.35796
-94.00711	-152.32479
-163.91611	-111.76664
-98.86567	-150.76834
-208.98961	2.34455
-183.57125	101.25543
-171.96575	-101.64898
-103.79431	174.52438
-206.80179	33.89877
-188.10500	92.48053
-184.51393	-83.13379
-101.34088	175.42807
-89.78339	179.93089
-186.26757	-79.39596
-154.18570	-119.51116
-110.29872	-146.01450
-49.54407	-153.28044
-82.91906	-152.55614
-207.30806	-6.25403
-127.55832	-137.35360
-168.18517	-103.51937
-203.71658	-29.54995
-193.18382	78.75398
-193.18643	78.69173
-193.18639	78.69171
-193.24243	78.52354
-194.27226	-59.79219
-194.27390	-59.78758
-191.31128	-66.11967
-132.01567	-133.75275
-200.18847	57.30196
-193.47127	77.01635
-206.76967	16.36718
-204.13133	-23.95403
-171.69954	-97.75877
-70.12403	-152.65172
-127.52896	-135.73940
-94.45311	177.00914
-115.71457	166.41985
-115.69050	166.42785
-21.10022	187.05671
-73.87946	183.16401
-205.46204	-0.58241
-67.93099	184.37404
-171.57733	-94.80361
-202.26817	41.06010
-195.60297	-48.02340
-153.21089	-113.83792
-78.99452	181.11251
-196.92048	-42.68378
-188.58065	82.96819
-202.84867	-13.83238
-93.70201	175.70239
-178.77439	101.11850
-142.93468	144.77566
-130.19693	154.91242
-29.46841	187.08638
-104.60904	-141.97634
-202.53352	28.29546
-48.23029	-149.73380
-115.41072	164.37991
-130.60911	-128.83467
-130.60883	-128.82592
-202.59072	24.48923
-138.14542	148.23195
-181.19248	-75.48620
-85.20736	-146.84005
-148.53898	138.58047
-188.20760	80.57674
-66.39680	-149.17347
