-185.09101	277.11728
-262.92821	213.73341
-134.08752	298.86505
-136.82103	-243.68308
-282.88223	-150.01244
-335.91786	30.71958
-335.55072	28.96837
-335.50639	28.96081
-107.68890	305.14477
-130.32174	-243.81488
-187.65896	-226.06347
-313.85587	-92.51558
-25.12656	-238.22084
-326.19332	-55.36609
-314.30353	-88.67369
-333.52261	29.89893
-181.12580	-226.76149
-191.38610	-221.86032
-128.90071	298.26120
-62.44831	309.95281
-325.42874	-45.77737
-325.42933	-45.76995
-62.39677	309.91567
-324.43979	85.35724
-261.72799	209.32724
-286.94279	174.67168
-330.30299	-14.74444
-155.06102	288.14119
-295.14539	159.76681
-207.42392	-210.74434
-104.77727	-243.66437
-322.84522	-50.80217
-54.87044	309.83127
-326.28919	68.13000
-295.54716	-116.59990
-301.59782	-104.96263
-87.09879	306.64702
-327.48603	52.21364
-139.53228	292.97397
-146.04596	290.43958
-153.05323	287.54098
-276.24531	-144.28094
-314.40232	109.84916
-320.11037	-51.84107
-321.45253	-44.40440
-256.75279	-166.04784
-256.72767	-166.04587
-241.00154	-180.47254
-240.98748	-180.48447
-192.78201	-214.06385
-140.27232	291.81610
-140.00494	291.89074
-140.17401	291.77870
-117.33519	-239.17231
-139.89553	291.87391
-140.51401	291.63005
-140.20986	291.73986
-227.79967	-190.86036
-140.01985	291.75662
-140.39684	291.58630
-253.23134	-167.80158
-140.20140	291.64107
-293.96967	-112.02709
-272.91878	-144.53140
-318.37441	-45.18631
-318.37671	-45.09511
-282.01160	172.79333
-141.54245	290.27889
-195.96894	261.50789
-317.63651	81.25457
-304.42447	-80.66026
-304.42086	-80.66926
-264.05716	195.97780
-106.82843	-237.66378
-271.87969	-138.37671
-317.70286	73.75522
-169.84897	275.73086
-314.26938	-44.72052
-314.26818	-44.72168
-161.35189	279.76815
-161.32311	279.78207
-321.19879	41.21104
-265.57532	191.99597
-321.27151	35.99345
-312.42014	-49.45141
-205.74600	-198.99832
-110.69920	-235.93281
-318.33436	-18.18398
-82.18222	304.67720
-72.79832	-238.86465
-320.49607	22.14528
-320.49528	22.15634
-320.39577	15.18640
-284.27344	160.81134
-311.85037	-45.61216
-308.06805	103.10746
-268.69707	185.08533
-185.53694	-209.04020
-179.49194	268.57958
-254.66331	203.40654
-205.59640	250.67864
-129.61596	291.61674
-218.92294	-185.92650
-317.50645	45.11478
-107.05610	-234.37948
-193.92842	-202.11798
-118.80901	294.86568
-253.96769	-150.66552
-307.27109	-46.73425
-307.26786	-46.73404
-289.85029	-92.99783
-295.21561	-80.70529
-184.94528	-204.94866
-209.08763	245.20246
-209.08808	245.19772
-315.10840	37.00247
-311.39121	70.89046
-190.27876	-201.15107
-304.34229	-48.98159
-142.55200	284.22530
-296.06813	121.35624
-295.97974	121.48561
-118.73840	293.19276
-118.72207	293.19099
-306.55200	-36.33491
-306.43636	-36.17400
-306.48004	-35.77429
-305.86153	-35.86131
-305.85712	-35.87367
-305.84187	-35.91094
-305.82431	-35.96246
-286.01661	143.36771
-293.99696	123.91827
-293.99860	123.91286
-306.89327	-27.23658
-275.45655	-110.28009
-127.25984	289.40837
-273.12042	-113.08813
-120.19030	291.79310
-308.87693	54.99613
-172.22668	267.11060
-228.92568	222.46592
-308.43005	56.01879
-294.06600	118.33954
-196.80490	-190.73971
-284.25459	-87.58571
-208.28086	-181.63192
-182.62919	-198.87097
-306.21119	62.37280
-276.69380	153.72962
-276.76662	153.51080
-275.13620	-100.88781
-113.55414	292.61860
-239.45302	-150.58022
-303.97732	-15.37415
-306.26222	48.50001
-306.23005	48.66776
-306.23264	48.59655
-306.18793	48.87503
-219.80469	-169.39357
-149.31283	277.83096
-92.54551	298.49513
-92.46407	298.48206
-92.46444	298.47919
-92.40151	298.47478
-120.58518	289.88727
-277.17935	150.22212
-180.93484	259.16409
-279.02370	-90.01423
-86.47249	-230.72236
-213.73536	233.13851
-213.76434	233.08117
-303.86485	57.09241
-244.54677	200.09532
-302.90452	61.46747
-302.90213	61.46857
-217.94674	228.18306
-298.02018	-28.23945
-282.10388	-76.68941
-173.55424	-198.58936
-260.66992	-115.98890
-302.69338	20.23969
-302.69034	20.21821
-302.68760	20.22129
-2.80215	305.28741
-228.59134	215.68441
-296.77001	-26.41167
-246.55032	-134.36017
-300.38363	-4.36707
-265.34721	-106.71846
-301.97593	24.96868
-272.26428	151.62190
-90.29575	-228.11357
-272.82774	-90.99694
-299.49784	0.60884
-295.69775	-23.08408
-110.95575	-222.70806
-300.21482	43.47435
-299.35937	4.23114
-208.83742	-170.63937
-291.30803	-39.47671
-141.49279	278.49943
-153.18943	272.43953
-246.57383	-128.62104
-246.57271	-128.61322
-294.54507	-17.20829
-293.20892	-23.46738
-95.11970	295.38607
-293.12173	-23.17719
-293.11322	-23.18531
-293.02556	-23.43120
-197.22991	-177.41673
-282.61483	119.43625
-266.49661	156.38852
-292.38409	83.81795
-195.33490	-178.28466
-297.64274	31.27774
-272.97975	-81.71384
-118.64966	-218.50043
-275.64675	135.27185
-284.94393	107.37255
-280.52821	120.33005
-242.60078	-128.73801
-294.59032	6.34322
-294.52112	6.85607
-281.47357	116.26937
-295.24324	17.73093
-283.46786	-48.22145
-283.47232	-47.07105
-283.46039	-47.05444
-116.58694	-217.56286
-264.98412	-91.24727
-182.02212	-184.34427
-269.58294	143.39772
-269.57359	143.28579
-210.37290	-161.39841
-290.36886	-13.00866
-210.37890	-161.20472
-293.44788	28.02007
-249.67320	178.18255
-285.38270	93.98411
-285.36493	94.01949
-285.36195	94.02910
-285.34586	94.06096
-269.07473	141.13405
-214.47432	221.41436
-292.34980	35.25763
-244.99055	-118.81728
-261.82341	155.41727
-288.52056	-3.71467
-275.18487	-57.43921
-288.94234	58.53229
-236.90277	-126.34667
-168.16479	258.03803
-262.21781	-84.54130
-256.25086	160.02611
-278.25055	-35.02532
-279.42814	96.22230
-188.17705	240.79453
-285.42875	20.85289
-247.75004	170.25418
-227.46183	-130.35759
-227.48961	-130.29887
-227.51562	-130.22941
-271.70157	-48.59098
-226.64541	-130.11865
-275.33794	101.43252
-216.32624	-141.31130
-102.40108	288.67042
-281.49656	11.54240
-223.25222	201.64545
-191.96899	-163.54708
-281.47149	21.42371
-206.08221	-149.44849
-261.88867	134.35632
-261.87229	134.34958
-261.85182	134.35104
-255.52787	148.69926
-83.86892	294.06829
-265.87070	-53.09545
-259.60002	-67.48498
-228.16091	192.38134
-271.23063	101.33951
-220.79747	-130.28195
-230.66782	188.54216
-219.01835	203.82186
-258.21952	137.70278
-273.98827	85.38006
-262.56246	-54.76906
-227.34560	192.16029
-56.83843	-225.58368
-180.34350	-168.33901
-254.84024	142.96810
-277.05252	40.03319
-274.77854	69.61210
-251.62420	-76.21726
-226.10854	191.83752
-133.59328	272.35525
-133.58391	272.28548
-80.00862	294.10548
-133.53015	272.22974
-133.50402	272.17300
-255.47310	137.52051
-143.10945	266.53991
-275.54534	30.83227
-255.37658	137.59215
-55.42336	299.87459
-147.65719	263.04875
-240.34007	165.93592
-273.92197	44.91591
-259.42383	-48.91136
-271.43433	71.99649
-154.39948	-183.62487
-265.70086	99.45937
-264.86903	93.73906
-253.61067	-55.15643
-253.59266	-55.14315
-253.57806	-55.13523
-164.32105	-173.41555
-252.69377	131.16732
-269.32260	52.32275
-87.33553	290.11386
-246.55273	-68.54896
-229.40181	-100.09854
-199.33616	-139.79478
-148.07073	259.68647
-267.04202	54.44523
-263.65115	-5.80034
-263.65091	-5.79763
-234.39294	166.01488
-223.85092	182.87873
-266.79366	41.34546
-266.75960	41.33556
-214.75675	195.48940
-20.30814	303.96965
-20.45903	303.95548
-214.58897	195.55647
-20.32908	303.96055
-173.65111	239.33748
-214.48869	195.33058
-214.41626	195.32372
-222.71986	183.11470
-219.15911	-110.56366
-77.73075	-216.11617
-249.12462	130.29540
-265.26629	35.29276
-70.70310	294.35956
-230.21079	-91.44536
-262.15490	1.53480
-143.03613	261.37988
-142.77187	261.54200
-142.56269	261.65532
-142.53351	261.61484
-142.71524	261.49440
-235.43589	159.03468
-141.56696	261.89896
-240.87677	-67.55586
-212.06103	-117.05270
-117.99768	274.96070
-66.31405	295.09449
-45.28713	299.99237
-45.28065	299.99165
-186.10798	-144.94164
-259.61905	65.77884
-94.83099	-207.61064
-232.04100	159.07841
-232.05104	159.05574
-252.45456	-22.54388
-154.67269	250.69970
-226.17289	-88.43351
-236.77067	146.93263
-253.74472	-10.21281
-240.48221	136.45941
-213.27451	187.81684
-189.97050	-136.65830
-231.50750	-72.29908
-127.29152	267.63472
-239.76179	135.02170
-151.84231	251.18811
-256.42513	52.72405
-253.53788	81.38854
-223.45289	-84.95648
-255.02034	47.08059
-246.18693	-25.95847
-246.18333	-25.95732
-255.00296	46.86794
-254.99701	46.95439
-93.83208	283.77570
-149.12694	251.86939
-253.74191	57.26840
-175.78182	-147.17206
-251.99520	9.29396
-251.99440	9.29710
-183.39979	220.36324
-147.09856	-171.97419
-213.81533	179.99289
-166.00780	-154.48801
-134.44826	260.79484
-131.48220	-181.80237
-202.22386	193.50944
-210.90264	179.72461
-190.49795	207.96158
-248.69022	38.15217
-190.37516	207.98577
-200.79733	193.99708
-89.39584	-204.25011
-247.92492	48.03717
-75.15383	-210.37489
-215.10438	-79.64425
-244.92526	53.45419
-244.78158	41.38020
-244.40963	38.91847
-244.40927	38.90897
-42.08268	298.44445
-174.43396	220.54782
-214.43992	161.95509
-239.01491	13.94791
-238.00345	84.14548
-238.00337	84.14570
-190.39092	199.75047
-183.95395	207.99744
-105.90834	-191.34071
-155.98535	237.29751
-215.44715	156.35193
-180.26632	211.76081
-183.87971	-119.74625
-226.69958	-32.86023
-237.13250	33.32186
-149.42297	241.36425
-233.16767	87.84056
-233.16427	87.84003
-192.75742	191.19442
-188.04302	197.73174
-224.11800	122.81642
-199.91640	177.65917
-219.80537	-41.52149
-189.40813	192.45883
-232.54347	60.04111
-229.48404	4.81318
-82.29017	-200.84933
-159.01442	-140.20325
-157.50619	-140.90333
-103.54265	271.33061
-190.90039	187.17654
-190.77986	187.35096
-227.62071	86.44762
-190.89498	185.82812
-190.88960	185.82239
-186.73574	191.62880
-153.73979	-142.51307
-190.24731	-92.80183
-184.01500	194.84580
-227.57634	69.97391
-224.50116	92.29251
-173.27924	-117.51488
-227.41105	42.56146
-6.83508	-228.36858
-51.83849	-213.63866
-124.89262	-168.40815
-223.32453	6.73415
-186.40163	186.84851
-149.17752	233.16369
-223.90855	70.00242
-148.90244	233.22847
-223.84324	31.33931
-223.79664	31.38903
-223.74449	31.44015
-188.54279	-86.98541
-188.54786	-86.97495
-189.44653	179.10259
-189.43771	179.11288
-153.74820	227.15287
-209.37909	133.64937
-207.12102	-42.92170
-86.60871	277.88881
-186.20001	183.63415
-90.07250	-191.25561
-164.07464	-119.49270
-161.34866	-123.00815
-218.14467	17.93654
-218.13858	17.89680
-218.13456	17.90264
-187.57841	177.37032
-75.79688	282.51888
-215.34259	0.77828
-89.31625	275.35597
-89.30228	275.31503
-217.38154	75.02149
-167.32562	206.85426
-150.61213	226.90761
-198.95634	150.84326
-157.15233	-125.99702
-158.34173	217.36576
-169.95755	-106.55701
-169.97128	-106.19571
-214.30139	16.83495
-196.92436	150.32402
-194.34344	-56.93700
-215.39206	54.06158
-164.78628	-110.64877
-213.50101	44.17347
-168.23724	-100.48509
-168.18944	-100.47467
-97.88170	267.41568
-202.54554	-17.21408
-179.36397	-77.54054
-188.80572	157.02379
-188.80451	157.00786
-209.16884	48.91390
-209.16384	48.88018
-209.15964	48.85220
-177.88244	-76.49730
-196.35782	-28.59913
-196.33385	-28.65713
-196.30807	-28.70139
-177.84079	-76.37601
-177.82047	-76.32833
-177.79197	-76.25157
-131.26386	238.77957
-196.74281	128.93232
-202.21818	-0.91987
-202.20093	-0.91601
-77.13450	277.98497
-118.95998	248.73950
-118.95182	248.74253
-132.45053	-141.59595
-80.44213	-189.46148
-200.24784	100.95838
-202.34533	68.04174
-202.30843	68.17491
-202.26525	68.26345
-200.92490	84.28516
-121.66984	244.60697
-147.41058	216.50914
-156.27624	-105.12306
-188.80152	-32.50272
-179.86623	160.24870
-200.19371	30.76081
-189.72158	128.07241
-144.68644	217.41085
-67.33789	281.65417
-144.65238	217.43298
-144.68922	217.36933
-144.52779	217.22940
-156.01593	-100.91599
-154.14411	203.54367
-144.48452	216.69501
-195.91520	91.03124
-188.44123	-19.98224
-171.34797	172.27529
-162.53954	188.26166
-149.78220	-107.70335
-196.52606	43.81632
-196.47850	43.76300
-196.40639	43.70835
-196.36656	43.68862
-187.80296	-15.94442
-168.12776	-72.36437
-160.84902	189.56683
-160.86222	189.51977
-160.86604	189.49313
-80.68896	-184.68098
-51.40472	-205.15886
-173.97530	161.98864
-181.06454	-36.66927
-167.87753	174.90751
-57.85844	285.21361
-141.42013	216.24270
-141.28145	216.32081
-141.13887	216.45370
-141.13517	216.44177
-193.78667	57.46416
-190.58719	95.80424
-191.62696	26.92362
-185.78737	117.84029
-106.58670	-158.74012
-154.17396	-93.14056
-65.66713	280.70717
-191.48663	73.29460
-191.47439	73.26319
-191.45477	73.23695
-189.92307	84.96233
-171.68931	158.98929
-191.31101	52.13721
-144.88367	208.65162
-161.51168	-75.65749
-173.02183	-45.59104
-175.15585	-37.99270
-147.11195	202.81377
-133.68585	221.22099
-163.70341	172.08871
-163.62342	172.14558
-163.62523	172.13315
-142.29229	209.29016
-163.51371	172.18132
-186.20361	20.68796
-147.31742	201.38968
-140.58677	-108.68973
-106.78725	-154.07822
-185.24734	89.45009
-183.94671	99.20370
-178.00268	127.10217
-183.42948	11.34403
-86.96919	-173.88736
-57.76032	283.42953
-184.22958	85.38855
-160.22664	173.84352
-161.89328	-62.65215
-129.90988	222.81100
-183.62641	27.71629
-155.74707	181.98801
-149.06203	-88.73437
-183.76691	34.75494
-164.87220	161.08289
-153.71186	185.17957
-56.35570	-198.13644
-183.91789	40.60195
-178.86418	112.67549
-146.83165	196.95962
-144.57296	200.48710
-183.11259	35.23160
-148.31459	193.65589
-183.12573	64.99345
-182.67849	51.27749
-158.72256	-63.17809
-173.82854	-14.53843
-181.76279	66.52411
-178.43474	99.88920
-139.54273	-100.27522
-122.32116	228.22833
-175.53079	113.47060
-106.07813	-148.84476
-106.07314	-148.84408
-141.53909	-95.37972
-86.46187	-169.83480
-174.51474	110.25251
-178.58979	38.62129
-148.78053	184.40179
-140.09693	199.96397
-138.05110	203.06091
-150.24797	-72.58185
-172.05726	115.47636
-177.59963	54.26014
-175.40320	25.42317
-168.64477	-14.14335
-168.74420	-13.41615
-69.43000	273.89162
-176.04208	51.66262
-102.72490	246.06873
-172.65005	97.37748
-162.38986	143.14283
-75.41663	-177.46118
-141.95932	191.81639
-147.24556	181.44793
-147.52068	-71.33424
-133.07308	205.83254
-131.68800	207.64059
-168.29474	110.15853
-123.09599	-115.35656
-170.71302	89.28098
-127.40625	212.75777
-139.52136	-83.04772
-170.51625	40.93060
-169.63364	35.02556
-100.38307	244.69559
-131.69804	202.87406
-87.22874	-161.35262
-145.62606	-63.74164
-145.59898	-63.76661
-145.58311	-63.78060
-168.73962	46.64230
-137.30820	191.97604
-141.35264	183.79189
-143.24038	177.97246
-123.72974	213.01454
-148.18624	165.10421
-165.53414	90.78029
-151.14323	156.67700
-151.05313	-42.01321
-155.55184	139.91686
-165.89864	72.81551
-152.35015	149.71253
-132.99155	195.24395
-165.04041	78.38089
-132.96732	195.19091
-148.02758	160.98139
-137.23963	186.36532
-27.81495	-212.95135
-143.73375	166.74493
-117.56214	217.18350
-117.47627	217.22031
-117.42118	217.25861
-140.20317	-61.69122
-149.06203	150.07061
-103.84431	234.54555
-136.36534	-67.98929
-147.33707	-35.15295
-159.73378	37.65252
-110.27797	-120.33606
-145.38549	-39.92381
-145.34279	-39.93731
-154.20387	120.06277
-142.26158	163.14888
-143.25922	-44.68701
-140.53530	167.07499
-134.35917	-67.31573
-138.55415	169.79409
-158.19249	60.74476
-157.13895	47.79567
-134.99302	175.56592
-155.13038	31.91680
-155.54129	61.25603
-120.31459	203.60714
-139.27912	160.90019
-132.48599	178.25916
-147.82658	129.01174
-154.39941	46.71184
-133.51095	172.60700
-133.52307	172.55059
-133.52488	172.52106
-133.53686	172.48792
-148.68788	3.05599
-86.60184	248.17871
-131.29177	-61.86853
-75.39032	-162.14689
-151.25464	51.16201
-135.22802	162.44229
-133.67902	166.70079
-71.57810	-166.23983
-116.53539	-93.77427
-139.15387	145.41676
-144.36193	120.61443
-143.57663	-2.84169
-139.05133	142.71429
-139.04302	142.70379
-129.45487	172.22574
-135.15237	-37.09956
-145.50366	13.59204
-130.62708	166.30544
-98.10082	-123.52428
-124.72398	181.01823
-128.47465	170.46651
-124.31747	-65.52307
-124.31503	-65.41471
-138.32067	136.13719
-145.91846	44.25054
-134.69194	149.68774
-145.88634	44.26275
-138.82148	-7.06943
-137.63116	134.23591
-126.29772	172.05346
-126.29551	172.05462
-138.38176	128.74538
-138.35052	128.69561
-129.82802	160.38791
-143.82757	80.03027
-131.63050	152.44985
-135.73923	136.33012
-114.78202	196.58463
-81.08391	-146.07761
-105.01759	212.72285
-133.72229	138.26170
-98.97508	-114.02178
-122.35361	175.29621
-112.95032	196.09202
-138.85983	100.28011
-128.81946	-30.85721
-137.87585	20.06758
-138.69632	94.06820
-134.56423	-0.69899
-126.70961	157.26095
-126.43644	157.51765
-109.47675	200.63637
-110.87364	-83.46191
-122.57422	-49.19772
-115.06292	-71.43754
-51.07325	-182.96137
-129.73536	140.08121
-114.03584	-70.57933
-95.70130	-113.56415
-126.69417	148.92460
-100.02844	214.75756
-131.84058	122.04069
-136.31480	74.53025
-124.14178	155.53473
-124.11569	155.55804
-115.60629	180.38541
-130.39310	-1.77896
-112.10708	188.39079
-121.50591	160.78192
-130.99534	117.71914
-125.61337	143.75572
-129.57067	124.30100
-133.21976	96.34888
-128.47829	129.51872
-119.04757	-43.97469
-132.18294	90.32936
-132.68686	65.96240
-131.72913	69.70425
-131.39953	57.73158
-127.16611	119.48030
-127.12088	119.39540
-126.87076	120.46225
-126.96809	119.45977
-127.06103	118.11816
-126.64997	120.43795
-126.65181	119.50920
-129.55363	32.59374
-126.75290	118.70101
-117.60816	-38.84218
-126.70145	118.59678
-126.78511	117.94244
-126.65410	118.43100
-126.62524	118.25435
-126.30951	120.25648
-128.56739	24.38250
-126.52854	118.52245
-126.38286	119.12549
-128.45651	24.48558
-128.46968	24.65729
-126.44856	118.27382
-126.23833	119.58562
-122.82515	138.23835
-126.12002	119.73777
-126.12964	119.66097
-126.23786	118.83466
-126.15003	119.05701
-126.02556	119.70802
-126.03286	119.60967
-61.05387	261.83323
-127.18750	110.97679
-126.02872	119.21096
-64.84271	-158.40406
-125.81939	120.27783
-129.75199	78.71159
-125.84381	119.65060
-125.59250	120.70698
-125.61042	120.05819
-125.74516	118.81154
-125.50164	120.10666
-127.77599	24.87032
-127.75087	24.81744
-125.64521	118.62037
-125.59439	118.43668
-127.62631	25.34484
-124.65533	1.75026
-125.48565	118.65192
-125.13479	120.51009
-125.08036	119.89774
-125.04237	119.98534
-125.05988	119.82251
-124.99218	119.86897
-127.10839	24.98111
-118.85407	150.05353
-84.30671	-123.49668
-126.77554	25.47551
-126.65656	25.38001
-126.54889	24.87225
-120.99093	135.39660
-114.88654	160.58543
-113.00271	166.67161
-125.81301	100.28137
-121.75326	-1.98305
-48.39477	-179.38387
-91.30099	-105.31027
-125.46688	45.69233
-123.26104	104.64675
-111.13078	165.62920
-124.04394	34.83895
-111.08732	165.64299
-123.96791	35.37016
-116.91153	142.41994
-119.96086	125.91757
-122.70428	24.64308
-123.76306	37.91521
-123.73936	37.79745
-123.70954	37.85515
-123.65150	37.79340
-123.65029	37.97502
-123.63800	37.84209
-97.10972	201.91347
-93.30987	208.97775
-110.59622	-39.41341
-115.64046	141.14951
-120.67004	109.19186
-122.90721	74.46477
-113.40614	-15.28410
-66.84913	248.35793
-117.51960	108.95059
-85.82747	-105.27347
-98.89960	-67.55516
-112.66302	135.72933
-89.46827	-93.23201
-118.32870	67.55767
-98.57974	-63.07281
-109.42635	142.94306
-115.22432	102.43487
-113.17384	9.68741
-102.21475	170.78731
-109.98400	137.25763
-106.02640	151.22159
-115.14077	70.60196
-112.29782	112.67931
-114.25962	42.67045
-97.15952	178.30867
-112.83350	88.93443
-112.06980	32.44436
-94.35528	-64.39566
-99.52091	168.38292
-111.04394	94.23553
-96.31948	-52.60991
-107.55427	111.49884
-108.13925	103.11301
-108.64522	86.36265
-84.66994	-83.10421
-62.10007	245.03645
-48.83218	-164.57299
-21.87248	-204.86065
-102.95025	1.59888
-87.82470	-70.22839
-103.34421	121.16664
-89.44349	-61.74329
-103.51182	115.77196
-86.53741	191.85956
-85.24568	-72.66598
-102.34761	112.87615
-57.21072	249.64919
-96.47961	-22.52161
-96.98671	143.59047
-101.84125	25.38197
-100.97437	17.88340
-99.79662	120.10927
-102.62009	49.88154
-101.24932	104.05205
-101.49838	100.59633
-44.87219	-167.17773
-79.17138	203.26361
-99.36078	116.47358
-96.69347	-6.29123
-29.93755	-191.18303
-40.62776	269.48349
-97.68935	108.36496
-97.46750	108.34029
-67.87759	-110.94771
-88.00516	-39.02002
-93.68850	134.95946
-59.89572	238.91694
-14.41267	-211.99594
-42.43900	265.08126
-42.42296	265.06106
-78.58977	-70.05287
-93.07500	123.51975
-76.54701	-75.30675
-67.29008	220.42195
-63.91034	-114.45833
-94.81872	84.40883
-27.26585	281.86265
-93.74258	94.14077
-93.23455	99.95405
-86.41740	-22.75381
-74.44041	-77.05717
-74.40378	-77.04868
-74.39734	-77.04773
-74.37405	-77.03241
-83.13651	-37.31388
-86.69379	145.14978
-66.25514	-102.46021
-91.35427	97.39227
-57.50874	-126.39060
-92.04891	64.22495
-88.34853	122.06957
-83.19778	152.97219
-77.84343	175.85001
-81.95456	154.48249
-76.44824	179.21435
-89.01338	55.51909
-88.01099	98.07366
-69.27278	202.10182
-54.07468	-128.98614
-83.33273	-7.69525
-52.85195	-131.56183
-83.38033	136.40646
-71.25205	-70.60519
-71.20873	-70.60071
-86.39528	28.99663
-71.16915	-70.58371
-86.66899	52.94043
-79.55686	-22.79596
-77.54060	159.45406
-64.08299	209.97459
-27.94235	277.47801
-80.46143	132.14544
-82.29400	113.09199
-82.29034	113.09889
-83.31071	84.13848
-82.08898	102.82346
-82.67492	77.04049
-82.71684	71.39238
-81.74843	75.12222
-81.53806	57.88211
-79.61557	113.29176
-79.37759	113.02509
-22.93381	-191.56638
-80.09254	89.53961
-80.35938	64.91545
-73.85803	-19.80082
-73.87337	-19.65358
-73.83385	-19.87121
-73.76415	-20.30062
-79.72466	85.78370
-12.03446	293.75251
-73.84120	-6.99519
-17.96549	-199.55517
-30.50000	269.98222
-77.31507	88.48565
-67.58308	-43.60634
-67.58015	-43.61278
-75.76988	82.52847
-71.77095	127.06524
-71.76646	127.05963
-74.32497	74.95812
-46.09296	235.87486
-53.72808	-95.64027
-73.43816	71.82037
-67.86283	146.73361
-72.78642	68.75001
-72.77204	68.77472
-70.51995	120.84647
-72.39009	51.30575
-68.65593	-3.05421
-21.64732	280.19858
-45.08666	235.43130
-54.22645	-83.01521
-54.21615	-83.05495
-54.19703	-83.09315
-65.84356	-9.21580
-69.61466	42.53602
-69.26115	99.20859
-69.65086	72.55177
-41.66295	240.33919
-64.72369	-5.33279
-54.75384	194.41816
-65.99935	115.37945
-35.21233	-147.16646
-38.26277	-135.92063
-64.24502	124.86636
-40.87053	237.58047
-31.13094	259.78272
-62.27852	6.68109
-45.45612	219.98747
-45.45482	219.99003
-60.71898	3.59859
-60.69199	3.48251
-62.45924	100.33619
-52.94048	-56.35083
-62.19964	58.80899
-27.53088	-162.89770
-55.34696	-30.36595
-55.30697	-30.37360
-55.28439	-30.37493
-61.06493	78.47230
-42.13318	220.23116
-42.12491	220.22507
-27.40725	260.90853
-57.09851	127.29248
-56.06035	133.64357
-56.04784	133.67822
-56.03096	133.71788
-40.59552	-106.06401
-51.16987	173.04689
-51.13390	173.04976
-47.31375	192.53024
-28.09089	257.98816
-57.50224	48.51513
-55.17780	16.42152
-54.11628	10.18079
-41.28428	-90.91091
-49.99661	-26.16379
-45.77360	186.71248
-43.38566	199.12657
-54.06057	50.11661
-50.27076	136.50762
-50.24635	-0.06028
-42.74245	-68.52831
-19.33583	272.59668
-19.33240	272.60079
-51.40481	39.28474
-51.69714	82.58559
-40.36175	201.22796
-46.79549	-17.55795
-49.41093	90.66655
-49.39731	90.67356
-23.78282	258.24031
-40.34891	190.48005
-48.29654	99.93065
-43.22151	165.94705
-38.87290	195.84677
-38.85473	195.84240
-18.64706	269.51838
-47.00156	43.57224
-33.31793	217.64500
-37.30135	-69.16774
-37.26170	-69.15582
-41.28398	-31.79596
-45.15510	98.37862
-43.28271	7.90261
-25.87803	-130.14530
-35.67708	-61.56749
-35.65946	-61.55372
-42.61297	49.30247
-26.72495	-122.32429
-41.19467	11.83811
-41.18321	11.83888
-39.21057	-10.58068
-39.61846	114.61277
-39.94476	94.27365
-39.68031	102.19630
-39.21937	104.82007
-38.65718	20.11145
-39.00777	99.63780
-33.55970	177.09215
-33.54711	177.15414
-38.72417	49.30702
-38.77689	87.02427
-37.62581	45.48905
-37.62453	45.45262
-37.61838	45.52339
-36.58492	100.37369
-18.47066	255.40257
-35.12285	131.31296
-36.43867	92.41958
-29.08793	-69.49512
-33.08936	-9.34855
-33.98362	13.57588
-34.52379	102.45120
-30.91027	-35.32216
-21.75352	-120.84348
-31.21575	-26.49616
-31.17770	-22.17674
-32.07780	59.35142
-30.91750	34.93041
-28.74935	-5.96558
-27.65163	158.64135
-26.16214	167.53068
-22.78384	-74.22191
-28.07466	110.46801
-24.35603	-48.53823
-28.02453	45.86666
-27.43375	31.33181
-5.96376	287.88575
-27.53930	58.09973
-12.48234	261.60101
-21.76810	-68.21027
-19.78872	212.04636
-23.95574	152.81671
-24.36312	140.20311
-23.52219	-4.59950
-6.04824	284.98868
-6.00721	284.94077
-10.08689	-166.08524
-22.97423	129.29588
-20.42855	173.04069
-22.94825	31.32617
-22.69007	59.49487
-22.25997	86.32119
-20.37801	154.42219
-19.43385	-10.12334
-19.24884	-11.27776
-14.10316	223.91907
-13.50933	224.07149
-13.19773	224.26026
-13.47858	-97.87523
-13.72230	-93.34542
-12.80276	224.30965
-16.93142	153.26641
-17.73201	93.95630
-3.41598	289.84664
-16.21998	-11.16959
-13.55845	-75.96173
-14.86704	-40.05969
-14.58511	-34.83136
-13.68747	60.24377
-12.53918	85.67268
-12.10053	14.45339
-9.99063	172.76814
-9.02910	172.35503
-8.73479	99.62204
-6.63287	208.49505
-6.63142	208.49558
-4.76508	245.24420
-7.51952	-6.25048
-7.67172	20.05374
-5.71224	149.88687
-6.06273	86.74253
-3.39367	239.71387
-5.24389	131.17509
-5.19437	131.14831
-5.36443	49.93834
-5.15881	131.13673
-5.35349	49.93536
-3.33863	-58.13684
-3.53153	-4.72438
-3.09611	27.12853
-2.13755	207.59958
-2.56450	18.40279
-2.56184	18.41288
-2.54830	18.45125
-2.53468	18.48789
-2.53060	18.49586
-1.69367	-76.47657
-1.62941	-76.45697
-1.57794	-76.43629
-1.36637	186.54605
0.04801	33.88071
0.63819	180.25629
0.75986	157.55141
1.04920	203.02848
1.69274	196.57106
2.28678	95.53743
2.29083	95.54317
2.85212	59.47453
2.56172	169.20276
2.89984	42.76941
2.93333	-64.98670
4.55177	126.30920
4.41864	186.28794
4.77845	215.09246
4.77991	215.09147
7.23417	112.36848
6.06988	-67.10600
6.07770	-67.07923
7.27572	10.01778
6.77748	-47.14880
6.85696	-47.20750
3.51296	263.73803
6.36794	199.70657
6.36917	199.70489
6.97281	-47.30491
8.07158	111.03602
8.89169	72.68896
6.65261	211.40960
9.31046	125.54311
8.02728	187.94361
6.23078	-121.12372
7.59706	-89.23602
7.38146	224.20471
9.40981	177.19099
9.72524	-42.62076
9.74696	177.34125
4.46958	270.30037
11.67593	63.49042
9.70486	-64.94681
11.94553	-14.91360
12.14091	147.10778
12.14184	147.10540
10.81466	-71.44651
11.76196	-53.32774
15.24358	78.53733
15.24709	78.53614
14.91300	128.66887
14.15986	172.50882
15.01332	156.31011
16.72284	67.81386
16.76361	113.29379
13.16688	205.87725
17.90968	90.54353
13.38544	210.99542
17.93617	90.71749
18.94592	108.39966
18.95178	108.40697
13.30030	223.41033
19.28862	99.35356
8.09579	266.96314
19.77088	46.82671
19.27217	-14.57866
19.73718	-13.20033
11.82586	248.73229
11.83279	248.73516
17.72138	193.41405
15.00540	229.69932
17.44875	209.20961
22.62565	12.17163
22.67109	12.16361
24.12362	96.07649
11.03070	262.80570
6.98577	-190.29310
24.86967	113.36639
22.23929	185.92442
4.71866	-206.28917
23.19695	-59.66732
25.50358	-34.49826
25.34537	-46.24155
21.47275	218.85386
21.47455	218.85586
21.47894	218.85623
27.84789	154.57222
17.34711	-135.79465
8.92042	280.66752
30.86902	72.18103
31.91848	-16.81138
34.40319	98.02573
34.40318	98.02586
34.63639	40.26691
33.68798	4.28720
35.64785	98.69069
23.57677	229.95684
23.57995	229.95322
35.18757	117.98871
23.68470	229.90772
35.72321	28.33002
37.73747	40.21529
34.72946	161.45605
34.73737	161.45934
34.74622	161.45998
36.06934	-13.87146
36.60393	142.31597
36.60482	142.31820
39.00395	98.80390
39.00525	98.80251
27.46135	-104.92294
29.32778	-92.80901
37.38735	-12.37564
35.86761	-41.63716
40.30360	112.85246
40.30563	112.84597
38.64090	145.95070
38.64372	145.94279
37.35659	-34.32495
40.51620	4.60721
41.93344	34.62335
34.01508	199.22830
34.36879	-76.35353
36.64952	187.01046
36.65494	187.00981
25.14527	-136.93009
45.24361	107.03137
45.24494	107.02672
18.57082	-170.07106
39.39882	183.90384
38.21044	-66.65988
41.84618	172.67216
41.85088	172.67131
48.04747	56.42851
40.22336	187.77417
28.60239	-134.24174
23.92761	-156.53075
44.16780	172.81670
49.87312	105.38025
50.52212	48.49971
51.40768	108.41226
51.41263	108.41337
35.01552	232.18581
47.18274	175.93621
46.28076	-54.13008
35.24675	232.06037
54.70928	88.66009
33.03543	-129.39675
53.66733	10.99269
54.01779	125.22601
56.31978	110.24445
47.12186	193.05001
46.64282	195.77434
46.64564	195.77548
46.66914	195.80730
46.67927	195.81678
46.70824	195.86794
46.70878	195.86626
51.84017	-36.85532
34.56288	241.68649
56.39265	2.72094
45.88209	-82.09490
42.82611	216.83704
58.74153	19.05317
38.73284	-120.67633
35.08457	247.12265
54.49276	176.27793
13.91378	-200.94786
65.02819	73.78063
65.50093	56.97433
58.59162	167.11366
58.59342	167.11559
42.41449	233.02077
42.41653	233.02152
18.54604	282.69336
62.74648	-17.60468
69.66005	79.51287
59.88223	178.23121
60.88790	-44.72550
62.38913	-47.89351
62.45057	-47.87668
12.94438	291.73585
65.47326	166.74310
65.47968	166.73147
65.52444	166.64046
65.57056	166.54825
64.31958	178.30265
64.32269	178.33057
74.99082	96.24074
75.04744	96.07298
75.10123	95.90421
76.42214	59.12079
76.42378	59.12203
75.03440	24.22182
76.30304	49.71673
20.38523	-194.24581
75.13983	21.86319
77.20720	82.59147
77.20889	82.58957
76.97098	106.14073
80.13111	74.54905
80.21052	74.55759
80.23956	74.54932
80.30472	74.54821
68.99439	181.06756
42.67188	252.57681
32.27238	269.68454
32.41423	269.71238
73.27124	-35.61468
73.27939	-35.60042
81.50339	97.38465
81.50342	97.38471
75.67341	157.49985
83.42718	49.24505
80.22361	130.09278
78.56328	143.21905
31.67392	273.04371
84.67025	108.32245
84.67136	108.32405
40.24402	261.33252
83.67093	132.76481
60.74410	223.89611
76.76160	-49.46125
88.84614	60.38866
81.24755	155.49112
81.26724	155.39442
88.53300	43.16406
87.51934	123.88868
89.94828	95.80237
89.95235	95.79863
91.07144	47.08958
85.84810	143.93430
85.85093	143.93398
85.85397	143.93361
85.88843	143.94545
85.92123	143.96291
85.93191	143.96672
66.14172	-100.92201
90.50429	114.97440
86.21357	153.67063
86.43283	-26.11669
86.54199	-25.69862
71.30256	-92.32846
85.32912	163.20943
78.37822	192.35278
78.38204	192.36165
78.38473	192.36698
95.82237	91.33999
95.83099	95.08860
61.30899	234.45046
96.83100	73.44194
84.65284	-50.33496
83.17216	183.67068
83.16968	183.68730
98.54362	40.85820
99.31665	69.51087
42.80592	266.07691
79.20283	198.50878
79.20539	198.50941
45.26247	-164.33074
85.46204	-60.78933
37.28160	273.75566
98.70208	124.80140
98.70329	124.79621
87.64243	181.33987
90.10485	175.91697
23.57385	288.07670
98.81610	139.42023
88.53626	-60.87133
78.87550	-96.07574
78.56586	-97.54844
88.98982	-64.55070
56.50910	252.62232
82.64687	204.68285
82.69700	204.61362
104.73244	121.07364
93.52481	178.30413
93.56399	178.31951
25.93308	287.12771
69.47207	234.78817
109.71493	43.37770
108.17928	114.84683
89.58274	197.39284
85.26451	-92.08380
87.05071	204.08636
31.29901	283.78800
114.49817	47.97624
115.54726	76.25675
98.77596	182.81734
96.00753	-71.61694
88.44911	-93.97207
75.85107	232.82709
75.85368	232.82464
113.23608	3.37795
117.42637	83.96271
117.58248	83.95242
88.53650	209.92166
88.56662	209.93019
79.57915	227.95906
103.42569	-56.45039
44.54763	-181.28183
111.13045	156.51268
123.76562	65.96483
123.91907	53.93113
123.91914	53.93130
124.34530	86.13694
105.17227	183.53882
49.43168	272.14121
88.04695	224.07957
126.47462	98.42765
102.66268	-79.46765
119.88424	-22.82067
79.76441	238.65056
115.92211	162.66352
97.17676	-96.76168
114.48243	-51.88751
110.45676	-65.67860
128.35039	10.82605
121.42243	-27.62996
128.37989	10.79874
128.28397	117.19988
129.16592	114.32996
129.17288	114.31792
79.06733	242.30766
54.79597	269.27201
116.75701	-56.02680
107.41936	-85.52942
122.31698	-43.00123
133.98600	111.78183
133.98924	111.77200
133.99347	111.76182
137.11173	47.95036
137.11276	47.95869
109.76492	-82.62081
109.73606	-82.69819
113.73312	188.37315
113.73449	188.37430
56.43312	270.76701
139.36690	37.49878
94.96629	227.12555
136.55654	7.79484
44.03583	281.18010
132.38932	146.40501
138.95729	114.74283
91.92156	-129.09990
127.82485	-45.13595
131.34301	-32.81170
142.92906	38.26100
102.08437	-111.56156
142.10778	22.11081
143.66352	92.68284
125.29846	175.47008
139.00886	128.78780
127.38864	171.43989
145.85213	78.93171
127.72214	171.09352
127.74675	171.10855
127.75994	171.11807
127.76756	171.12119
111.12221	-98.64515
143.94240	111.05196
147.36709	51.90423
147.36915	51.90649
131.20382	164.63519
131.21236	164.63362
124.88033	181.48520
121.85755	189.79274
121.86666	189.77970
135.09555	-36.87113
147.99346	32.51780
147.99704	32.52411
127.10642	180.79038
127.11288	180.78865
127.11801	180.78811
127.11933	180.78695
141.28916	142.92044
141.29822	142.92478
143.57166	135.21432
150.95864	30.53509
104.91741	-119.26834
152.58301	84.51902
151.22930	20.08636
152.23143	28.64960
136.83265	-49.20605
153.24258	90.65488
148.89710	122.73972
152.64398	18.13999
156.62235	58.75324
156.62573	58.75201
97.98465	-135.47004
157.74919	56.52708
154.39622	107.90925
123.89016	-91.44448
127.19744	-84.99829
154.93023	110.20975
127.23188	-84.99049
143.62600	157.92280
158.39569	82.88177
158.48829	82.97849
157.09912	104.49688
161.03248	74.19316
160.90490	38.91922
120.06356	212.12190
153.53788	-15.23944
154.82601	-10.03791
82.38844	257.73337
130.64339	195.88291
162.19503	22.93128
151.43290	-33.87523
160.27108	113.46331
125.05016	208.02555
154.29914	-25.45291
135.45942	190.18893
153.54230	145.08468
153.54569	145.08231
165.00583	35.81916
137.05662	188.61834
155.36944	-26.11668
47.64853	-198.41180
98.91296	244.53183
167.09788	41.36320
112.27279	229.45303
64.72522	-184.11828
160.75906	-13.59243
139.62334	-77.97811
139.61560	-78.01219
87.62514	256.72745
87.63628	256.72762
166.86650	100.85330
169.11037	80.24308
105.88918	238.77207
169.83480	40.66204
146.04986	-66.60764
164.82375	-6.58752
166.56060	116.40443
135.68118	199.76423
159.96427	144.56455
151.41220	169.15647
151.45096	169.25480
169.40418	107.21550
76.53537	267.63402
169.40785	107.22900
76.56831	267.62102
169.43429	107.28326
159.24970	149.85923
159.28509	149.85214
159.30654	149.84171
159.31239	149.83899
159.31463	149.83768
113.83065	-131.33432
130.11370	210.68569
154.25196	-53.74165
144.44916	-78.25521
142.16569	-83.38848
173.47645	30.86933
134.61181	-99.06929
129.28606	-108.69509
169.10358	-9.27831
169.17636	-9.31939
176.02183	81.81034
176.58237	33.03767
141.39312	-91.65321
55.38044	-196.90443
38.61928	291.64518
134.79784	210.22133
143.10584	-91.44727
155.92514	172.72517
152.06157	180.96970
156.01773	172.60669
167.87758	141.41473
144.01350	-90.70126
64.13676	-190.46564
123.46658	227.02654
113.66247	238.56704
113.66225	238.56730
166.78691	149.16892
173.73905	130.71570
175.19262	125.23456
175.20501	125.20472
165.51978	-48.81568
178.08389	-2.78121
127.74767	224.16141
171.56773	141.10258
116.39445	237.54854
116.49832	237.53390
70.25329	275.88414
70.28894	275.89423
146.43393	198.49130
169.83354	149.34043
179.44621	-7.10546
186.81809	48.09702
184.72549	15.77252
184.72710	15.77368
174.90753	141.81788
163.98495	-64.73996
188.97825	47.08709
101.80689	254.57730
183.12520	115.14519
153.71506	-91.01013
155.70348	191.54954
143.48800	-112.22126
114.15244	-150.97743
188.94522	108.19614
193.26363	80.09797
176.37809	154.75759
141.08938	-118.25390
193.90835	26.24257
193.90999	26.24187
192.53856	96.49236
136.26435	224.30369
182.12334	-35.36848
175.18310	160.64776
197.02115	43.26121
197.04093	43.26958
197.14577	43.43209
133.90374	-131.65675
191.03180	-9.55008
191.04497	-9.67790
198.12472	51.40725
193.66964	105.29629
193.63476	1.77708
193.71300	105.30461
198.43293	51.41553
198.48912	51.40071
198.58424	51.38059
198.72671	51.36842
199.15609	65.18916
179.77494	156.64875
179.77679	156.64463
153.15294	-106.24747
187.67419	136.38601
144.15217	-122.75842
167.56216	186.64225
167.56406	186.64252
79.40287	-188.92413
202.29067	41.51906
196.73367	110.28437
196.73749	110.28529
201.63165	77.64654
201.63558	77.60579
201.63817	77.66534
201.64040	77.67599
202.42015	77.71841
203.39976	65.00753
176.61015	-70.35275
179.88323	167.00348
199.78066	106.21718
199.79183	106.18584
199.78873	106.20213
185.39680	-53.01419
204.99911	35.05408
205.00457	35.06052
204.76964	74.99030
204.80532	74.97999
204.83387	74.97842
204.98675	75.25215
205.04284	74.96720
205.41553	72.27617
205.41712	72.26009
205.42178	72.27441
205.74834	74.67448
205.80135	74.57849
205.88575	74.90910
205.88913	74.91148
206.06325	74.52062
206.00972	75.20374
206.03916	74.87545
206.05723	74.92243
205.42748	17.26632
205.43171	17.26788
100.42552	264.59398
209.09155	33.91836
204.01004	109.17968
204.04855	109.19176
204.09531	109.20282
183.86408	-68.40212
183.85101	-68.45680
151.11177	-124.07484
208.07450	90.33465
63.01726	-203.37191
205.09483	-15.21701
198.05257	-41.27433
136.42310	238.50005
195.24229	151.84619
211.17685	5.67998
194.40324	-56.43419
213.18126	88.88150
213.36067	88.80305
181.82951	182.53679
156.52409	-125.97379
124.03500	-161.75330
189.16688	-74.00557
163.52517	211.51305
18.42525	-224.69500
199.23608	-53.59870
158.14360	-126.34220
158.14580	-126.35887
198.67722	154.93182
160.77243	-124.05691
200.70663	-53.39040
161.38428	217.14486
221.24338	57.89100
161.39585	217.14718
143.54142	236.61341
221.75127	32.37450
221.75490	32.36828
213.65903	-19.30435
220.30547	84.86436
220.31520	84.87209
209.88364	132.41711
209.88900	132.41442
212.40416	-27.66040
212.43626	-27.68993
212.44736	-27.67091
212.47659	-27.65310
222.69532	68.46571
187.16364	-88.58137
213.37978	123.35170
219.67811	-1.83681
219.67935	-1.84265
172.71793	206.45037
172.72349	206.45130
179.61739	-104.26496
186.29790	-93.39363
186.30595	-93.39561
183.42819	-98.90961
219.81946	-11.76238
200.92554	-69.53120
191.97569	180.61874
46.15214	295.43339
183.79999	-101.70052
154.77221	-141.33430
49.53558	-215.15736
184.85996	-104.35230
142.73381	-155.71998
230.69938	55.27869
232.34224	45.70770
115.29894	264.74701
27.74121	-223.35766
224.06194	-21.32198
231.94917	16.93395
212.89933	150.56789
212.90215	150.56187
220.77706	130.91449
220.82154	130.89901
208.77566	-69.67066
108.81799	270.08999
156.98323	233.73799
100.01749	275.06252
100.21967	275.02898
230.96681	102.90744
216.07263	-58.55692
188.07675	-111.11652
237.91731	45.38939
225.88822	-33.93151
222.48615	139.44630
237.99488	11.85821
169.84512	223.85044
169.84749	223.86147
236.88779	89.61290
164.35507	-144.57921
197.11200	190.72649
240.72687	61.51090
228.66032	127.41643
224.78908	139.52268
161.66117	-148.66187
241.94018	27.41914
222.08041	147.18559
222.08656	147.20273
167.72609	-144.08557
213.19851	168.39508
109.82990	-191.25043
222.96375	148.54713
237.19608	107.77872
223.77002	148.34461
242.34083	4.58554
245.79996	59.10109
188.41355	208.55677
188.33351	208.69166
219.47679	-74.19990
235.94640	120.12834
228.22010	142.68980
211.67297	-90.30687
180.03226	219.30175
196.22822	-115.56939
212.33038	-90.84498
247.67929	20.25550
247.69593	20.25031
247.71189	20.24297
196.84299	-115.87594
238.85570	-30.53107
239.07194	-30.80300
195.79406	-119.33154
195.91682	-119.99320
195.91460	-120.05958
205.91090	-106.26383
229.46096	-63.76268
237.43105	-43.22658
245.24830	-16.89579
215.24265	177.08753
215.24646	177.08155
215.25026	177.07718
215.24826	177.08065
180.51994	-142.29211
171.42023	233.00106
171.42644	233.00475
146.07745	254.15874
254.70567	30.94046
254.70631	30.94132
253.84138	17.41939
189.20891	-134.52098
254.38779	70.60534
204.95341	-115.71395
186.67884	219.58764
208.10463	193.37740
254.06391	4.01188
254.06545	4.01122
208.71964	-111.18699
188.94967	-136.80426
116.64580	-195.09568
248.74879	-26.54835
248.75091	-26.54694
222.50619	-90.80956
257.14732	61.74669
257.14746	61.74708
241.46627	133.83585
244.84145	125.25519
253.13503	95.94061
174.35638	233.87594
252.26911	100.94161
186.11284	-142.56714
228.59138	-83.52926
130.32744	267.04220
244.24179	-49.08070
253.54113	-18.60751
253.75698	-18.63908
242.33760	-55.99645
254.10169	-18.53170
219.34356	-101.77559
238.49266	146.37629
259.99316	17.26345
156.92397	249.79447
260.84314	55.44245
156.96606	249.77825
259.53722	78.32856
262.03408	9.47316
246.13080	-55.09682
258.53616	91.95467
240.07594	-69.64856
262.39116	7.87856
181.42891	-153.79076
142.66991	262.17404
252.21342	-46.57020
252.25992	-46.72915
219.71083	-111.54398
199.65474	-137.63893
136.34902	266.90796
136.34326	266.91138
261.86424	-17.86314
126.45950	272.61523
216.87079	-117.78947
268.05735	21.45375
198.12326	-141.67279
264.78660	-10.28018
240.38050	158.54115
265.79922	-6.83919
265.80407	-6.84332
260.07432	111.36295
267.74356	82.03577
259.87368	115.11131
267.80485	82.13354
181.57261	-161.19543
236.10984	170.09131
236.11006	170.09184
186.96288	231.86601
100.85911	-211.31356
264.33893	-32.46774
265.79654	-27.42775
273.87087	42.22362
273.87273	42.22016
234.59895	-101.43972
219.07169	-124.39662
273.93046	61.13765
243.73602	161.32841
201.98406	-145.77208
202.00416	-145.77581
240.86647	-93.84810
275.26003	48.75937
275.31155	48.91393
275.31502	48.89111
275.64099	31.72409
275.64126	31.73014
211.07008	209.67770
211.07073	209.72118
269.80347	-19.95331
241.88458	-92.95733
241.89328	-92.94907
198.00912	-151.20785
253.66204	-71.74830
276.79132	27.84160
180.67067	240.91909
76.66418	295.23221
247.07228	-86.36945
247.07852	-86.35931
261.55878	125.91478
261.58447	125.84688
199.78197	-150.59010
160.52481	-182.94706
226.82934	192.25967
226.82974	192.26190
229.61877	-117.85119
273.42794	90.02175
273.43160	90.01399
276.79692	71.22894
251.14981	-83.31496
198.62943	-154.69541
198.61482	-154.72738
198.60046	-154.75892
162.50920	-183.89434
63.60343	-224.80430
274.08548	91.80772
223.77618	-128.03575
269.45465	111.40707
252.81167	-83.10485
264.37225	-59.41910
278.71220	75.19903
187.61648	-166.98542
230.91683	-121.41049
278.14079	-12.09813
280.09716	70.26839
184.30907	241.62524
283.02927	28.62105
283.08896	28.63943
283.10355	28.56913
157.98259	-189.75018
255.53215	-86.73210
285.33509	23.08729
167.11570	-186.33323
76.72124	297.20347
141.94052	272.35652
285.81510	7.82397
285.81629	7.82659
149.12201	268.90375
260.32109	-85.62754
245.06544	179.32961
245.06854	179.32509
238.09446	-124.32358
196.41469	236.74743
196.41350	236.75159
71.15869	299.35567
256.67669	162.39375
202.64058	231.44118
291.50967	38.06784
273.68805	129.69192
288.51666	77.80055
72.18351	299.58357
265.08714	-87.30715
173.49379	-188.98611
289.99870	-11.39712
286.66577	91.15097
144.97791	273.88097
61.60430	-229.70956
273.16745	-75.98278
112.95718	288.91727
219.15241	-155.81200
207.37196	231.50848
260.35207	-103.17982
293.61611	69.12383
210.63394	-164.13781
293.61171	69.34658
206.80980	-167.52876
210.57505	-164.20967
210.53906	-164.26756
198.55606	-174.44452
288.32308	-36.61426
288.33804	-36.55918
288.35142	-36.50848
209.84391	-165.32329
286.71363	-42.84087
278.32528	-68.57452
278.31965	-68.59719
294.44734	69.32441
286.50263	-46.56570
212.95858	-163.82584
297.76417	4.76318
101.07667	293.81160
210.46242	-167.49137
268.37903	-94.57742
202.59476	-175.53836
177.50696	257.89254
192.77083	-183.44731
294.49128	-31.30505
162.75223	267.92981
301.60544	35.78734
286.18408	119.57549
286.25812	119.40986
286.26106	119.40323
286.25047	119.46031
286.30923	119.30641
285.66360	-65.27063
257.62666	178.45804
270.53217	-99.49505
300.30597	-15.44871
300.31128	-15.45411
221.89735	224.19929
106.00077	294.14570
106.02988	294.14112
293.48681	-50.46476
293.48623	-50.46912
304.93151	19.71560
304.93354	19.71461
304.95742	19.73793
304.98958	19.77029
232.84236	-155.02864
302.42187	-15.39366
288.71138	-67.70323
290.14165	119.83738
294.63545	106.22256
207.57557	-180.56788
303.38106	-22.91579
307.61937	13.29988
307.62414	13.31368
307.62378	13.29813
303.23979	77.27805
274.14039	-104.54559
253.56221	-135.72174
302.71280	86.83338
241.14555	-152.37306
96.56839	298.42568
208.09343	241.62681
308.75183	-2.02427
208.10767	241.65161
308.75595	-2.06932
237.71691	-157.30043
310.27145	15.41248
244.93354	-150.13129
299.30273	-53.09352
311.35792	32.89660
311.35799	32.89617
192.24563	254.87580
192.22749	254.89754
270.22243	-119.09616
309.98396	-11.27705
283.73159	-97.55594
307.26656	81.52294
264.81849	182.44867
192.50405	-198.99911
272.74833	172.13335
302.18495	107.69486
302.23773	107.85006
302.28846	107.81891
302.33989	107.69172
239.64839	-162.74942
313.39790	-10.56913
314.01768	55.88515
315.03179	45.61891
225.56117	-177.09885
312.57683	-24.07610
187.26986	261.74442
187.27423	261.74160
316.96372	45.83623
278.11690	167.96721
278.21567	168.20140
278.30647	168.38713
279.80669	165.98353
278.13556	168.96844
278.66103	168.16232
279.52127	166.83386
279.02995	167.68859
317.86439	48.88726
279.42762	167.47310
279.79486	166.91403
279.86218	166.80661
317.91095	51.41465
279.30502	167.90866
158.61598	279.75754
280.01927	166.87092
279.39685	168.05882
279.56401	167.82822
162.80027	277.82264
297.98738	-85.75817
301.39005	-78.73267
224.98110	-184.08196
289.10465	-106.42189
136.95522	290.24230
66.73910	-239.47614
316.00429	-35.39958
314.65255	87.68238
314.64752	87.72343
293.29622	-102.98115
223.25695	238.95621
223.25512	238.95881
230.83940	-182.39181
293.51953	147.92573
293.52406	147.92197
293.52521	147.92112
319.65227	-24.49850
314.71166	90.97371
149.07728	286.23956
322.34476	-8.22318
27.13741	-236.32894
306.31755	119.92009
317.46213	82.28508
317.48435	82.25023
317.71256	82.40240
317.71782	82.38035
317.82239	82.41257
317.85057	82.39688
324.63972	36.95071
249.48235	-168.66324
319.22087	80.20966
39.83130	-238.87116
319.47986	81.86644
308.50241	-78.47576
250.42987	215.77414
250.42631	215.78156
250.40374	215.81856
250.42198	215.80913
41.45636	-239.31330
103.38907	302.53755
103.42259	302.54619
326.25092	-0.76657
326.25137	-0.76316
319.76529	-44.05988
132.53734	294.44876
132.53072	294.45392
267.94899	-151.96409
325.38288	57.04810
319.69375	-48.65658
289.25152	165.56877
323.86788	-34.52019
50.08791	309.43563
50.07972	309.44045
323.92213	-34.64499
323.94659	-34.69598
323.94870	-34.69931
323.93761	-39.85217
321.79969	-49.58037
281.46122	-138.97002
242.65110	-182.78614
303.99499	-100.41374
303.98164	-100.49716
303.98162	-100.58999
303.97369	-100.72557
323.14702	-45.58811
322.69721	-48.35470
103.68049	-243.35997
331.61746	16.51149
311.68214	124.51538
52.61654	310.05548
128.67596	297.96037
128.63436	297.99187
305.26421	-102.94501
293.04690	164.31726
293.06042	164.31621
292.00698	-129.31375
322.34415	95.91583
268.93186	-161.73898
323.38100	93.86075
289.53860	172.59283
330.46043	-27.35093
330.54999	62.31941
112.74462	-245.17420
314.00542	125.71680
326.48966	87.18408
304.70205	-111.83497
287.32136	178.48356
287.43818	178.34888
297.16698	162.13985
297.14278	162.18886
297.11910	162.23971
47.10290	-243.24781
334.03131	-15.86732
20.56892	-237.05592
20.13282	308.70937
335.53336	34.34297
318.98697	-82.17008
334.61218	47.04997
301.88848	-120.13980
332.65804	62.29373
332.66246	62.28230
332.68548	62.20845
129.62621	299.88160
335.27396	-10.77408
261.22318	-175.77095
336.61939	14.17628
155.71357	-239.75392
301.44247	-123.22091
157.80302	-239.52813
301.01252	-125.19066
251.68869	-187.08346
81.77760	-248.67936
324.11388	105.41062
324.11260	105.42110
159.41566	290.01077
337.64643	-2.01813
316.65967	126.95554
336.37501	48.23698
254.32225	-185.80245
232.36669	-204.13860
259.91289	218.37314
237.36876	-200.46477
263.69717	-176.92046
330.22942	87.29146
330.24638	87.24167
196.60419	-226.80830
315.10859	133.18310
315.10853	133.18687
315.10534	133.19753
269.70148	208.27040
269.68970	208.28644
269.68847	208.28982
269.69570	208.28176
338.49766	39.37111
338.50007	39.36821
246.36804	233.48541
246.37217	233.48702
337.07218	55.45136
326.76544	102.56789
326.76760	102.57038
339.43153	32.28299
339.39433	-7.41909
53.46190	-246.83320
247.87012	-195.39420
340.65727	18.82927
35.44952	311.24490
78.99148	311.77658
332.47209	-59.54068
142.29327	298.80645
162.86263	-243.18622
337.35565	65.79268
276.80344	202.54496
232.64122	248.49328
320.20939	128.09710
320.21573	128.09388
230.09617	251.06361
78.76087	-252.10320
172.82277	287.31882
343.06477	6.55032
142.43693	299.62396
293.55975	-149.75098
325.26241	-88.89490
260.04794	-189.18303
191.91753	-235.00220
164.43543	-245.09704
338.33208	-43.65388
269.27075	214.09378
326.85025	-86.63131
326.85118	-86.62918
343.96501	18.79999
317.84681	-110.15543
105.46580	309.74568
339.97673	-41.10611
269.16894	215.28755
280.38820	201.63093
260.15685	-192.06630
341.99798	56.04250
289.30155	-159.61140
43.94269	-246.85936
345.21422	23.32835
326.01507	120.42684
277.73171	-175.07735
330.03474	-83.41958
337.51669	-57.92850
262.81208	-191.19348
315.74119	-119.45338
305.06451	-139.22902
343.31483	55.99710
279.06637	205.49042
335.72358	-68.44543
339.05744	-56.12957
67.34906	314.31442
252.98041	234.78690
343.06077	-41.19344
343.06581	-41.20343
343.07702	-41.25364
343.08681	-41.31403
343.09228	-41.33298
345.61987	-24.58501
318.79082	-117.66632
318.81434	-117.63755
335.55958	-75.93238
339.56208	-61.29146
269.27174	219.75300
344.89186	-38.69679
345.05652	-40.26157
222.05763	263.80097
348.02069	-24.62554
345.36096	-43.78096
228.03867	259.91150
228.07843	259.89198
228.10384	259.88037
185.28310	-247.85473
185.18290	-247.94117
304.14716	175.78120
350.04611	32.65717
228.03747	-227.64902
39.79128	-248.69120
208.05768	274.82144
49.88318	315.47952
316.14120	156.60229
316.15122	156.58602
351.79276	-0.79816
292.64693	-170.39603
145.45433	304.60935
145.41400	304.62867
145.40976	304.63218
335.12439	-91.74842
248.46202	-215.42968
248.39129	-215.57380
274.26843	218.66672
248.31691	-215.72156
215.99576	-237.23186
234.71949	257.28934
222.84752	-234.52746
352.86972	24.00769
201.19756	-246.46886
351.05248	-31.11628
180.52250	-254.98929
338.83792	-87.35463
338.84994	-87.32472
231.31426	261.06512
314.82023	163.30698
352.16675	46.09799
184.16694	-254.45260
334.37495	-101.32741
252.55910	-216.40277
351.08395	-37.52802
246.11179	-221.89502
230.68549	-232.68807
184.25772	-255.08399
311.80432	-148.78472
244.07591	-223.69257
243.97942	-223.79754
243.88595	-223.90257
323.63724	147.25091
235.51307	-229.87606
191.96066	-252.62476
211.85231	-243.86464
187.41703	-254.49374
339.13187	-90.48522
187.13798	-254.65433
185.76236	-255.29953
242.44789	-225.80878
185.46491	-255.54957
185.29174	-255.61945
328.12703	-119.39655
337.79944	-95.37961
95.87990	317.27709
186.50965	-256.25244
332.11372	-112.00943
193.51469	-253.75057
343.85348	-78.77413
178.56872	-259.23621
188.36983	-256.19535
180.27015	-259.08700
180.24722	-259.13369
342.92846	101.28989
339.64121	-94.69318
188.74455	-256.79724
327.87748	-124.25467
330.85037	-117.75227
286.40829	-188.65482
180.88118	-259.78523
315.38295	-148.21191
193.67451	-255.41401
335.25670	-107.50705
335.26336	-107.57678
335.26862	-107.60621
193.81001	-255.47485
351.90163	-49.27536
335.27218	-107.69785
334.63026	-109.40823
193.85093	-255.56630
346.56881	-73.60428
194.01852	-255.56267
246.55462	-226.35739
192.67002	-256.16030
357.14571	5.29697
351.44989	68.49365
186.72391	-258.37315
185.36011	-258.85858
185.37973	-258.88821
350.44694	-58.20657
225.20515	-241.51218
353.81090	-42.56208
192.16260	-257.44158
295.98114	199.04252
192.10080	-257.62902
78.51880	-265.60999
351.68325	-56.22370
196.24785	287.95941
329.93944	-123.81528
329.82113	-124.09225
329.83760	-124.07150
198.80504	-255.71562
198.70564	-255.76014
219.95264	273.70153
352.75904	-52.75993
28.86074	-247.66838
197.42056	-256.65675
188.90633	-259.92314
188.89470	-259.94363
51.38702	318.35844
79.31025	-266.91027
356.79694	44.24749
192.43024	-259.69120
67.57486	320.00814
177.34827	298.29279
308.73617	182.40745
308.75486	182.39696
325.60175	-136.22698
186.03938	-262.74193
185.87675	-262.86223
185.43375	-263.08788
241.82984	-234.63240
246.85582	-231.23286
356.83511	50.38312
199.57048	-258.34667
39.96624	317.14608
193.16845	-260.96807
193.06633	-261.04981
251.29203	-228.40501
251.27863	-228.46295
251.29733	-228.46023
251.15163	-228.57624
272.41425	230.63863
198.33911	288.73070
198.34348	288.73204
198.34989	288.73175
196.14798	-260.28629
197.40105	-259.89283
351.63965	82.54901
355.20734	-52.32183
287.43525	-195.71991
198.78707	-260.46032
203.85251	-258.36860
198.93100	-260.44311
352.22350	-68.67234
359.69451	35.51281
359.02045	-30.32027
302.97477	-177.58564
308.05763	-170.52782
353.82233	-63.11273
271.36063	233.99532
361.25277	21.44480
309.57388	-169.50829
354.69417	-61.36048
102.76868	-275.32374
342.81291	116.95821
202.31002	-261.24429
348.01254	-88.27688
203.01705	-262.28995
203.00741	-262.32769
203.10356	-262.31601
202.92014	-262.43689
180.43424	300.37595
360.08128	48.26813
85.64274	-274.01511
358.46176	60.12788
137.01342	316.14850
137.02770	316.14620
123.11025	319.22715
209.58560	-261.32412
209.45624	-261.42278
209.38682	-261.49492
322.79064	-152.60508
209.71266	-261.50615
208.82104	-261.97649
116.66992	-279.77302
209.09627	-261.90059
209.67273	-261.72248
209.86958	-261.63985
209.59114	-261.77741
209.43328	-261.92183
209.65093	-261.82599
209.63155	-261.83521
208.09899	-262.54974
209.46544	-261.92182
207.81942	-262.71974
207.48638	-262.87539
207.98552	-262.67101
305.13918	-181.16781
206.82320	-263.52502
206.99065	-263.46092
208.67557	-262.69925
206.27932	-263.78727
361.11863	47.68933
207.12552	-263.44564
207.82351	-263.13772
207.49203	-263.31364
207.65148	-263.25403
208.17154	-263.02458
208.40089	-262.92754
207.95787	-263.13902
208.62289	-262.84009
209.46377	-262.49651
208.77514	-262.81924
209.59702	-262.44680
209.36403	-262.61589
209.55362	-262.53092
210.27439	-262.20440
208.67202	-262.97605
208.42511	-263.18027
206.30546	-264.17972
206.10575	-264.28642
208.43622	-263.24679
205.83711	-264.41854
205.55779	-264.56883
206.59871	-264.10819
206.71797	-264.06985
208.02314	-263.48655
208.21281	-263.41272
205.33562	-264.70545
345.19907	116.48858
207.81247	-263.62762
207.62477	-263.73730
206.29657	-264.37316
207.13725	-263.99935
205.75376	-264.63733
209.91001	-262.76199
206.47180	-264.35289
207.49189	-263.90238
205.84280	-264.65752
206.28490	-264.46273
207.61225	-263.86920
206.00065	-264.60240
209.02026	-263.32417
207.49340	-264.02411
208.93255	-263.36922
206.64772	-264.44020
206.82718	-264.36459
359.89215	58.78788
208.53332	-263.62127
208.31894	-263.72387
206.63734	-264.51393
250.97283	-238.10051
209.22196	-263.36057
206.44060	-264.63480
251.07918	-238.04031
209.44876	-263.31224
209.24452	-263.41019
210.45927	-262.84372
204.77179	-265.42263
209.90685	-263.12656
209.43979	-263.36163
204.76025	-265.50443
205.56181	-265.30006
204.98899	-265.57306
207.94613	-264.27709
208.42804	-264.07240
205.42224	-265.48419
205.92776	-265.27259
209.02368	-263.87713
208.73387	-264.04223
209.96294	-263.47729
131.52132	318.80324
361.58765	-38.75074
208.87671	-264.07508
208.09530	-264.52935
78.10644	324.19771
210.02237	-263.78343
208.47578	-264.55478
208.18268	-264.69882
208.28222	-264.65510
207.50854	-265.21443
299.28908	-191.88090
347.24712	-102.95570
68.74340	-272.44517
362.41780	-39.08016
219.49431	-260.79844
344.36541	-112.18054
164.36131	-280.87196
232.35439	-253.82180
165.04566	-280.96178
331.51537	153.46233
331.51284	153.48379
165.84026	310.37910
218.21272	-263.36679
218.07560	-263.44973
366.86308	0.10931
257.36297	-239.41230
257.38280	-239.40134
249.13715	-245.80726
81.57814	-280.07599
171.80290	-283.19439
218.34384	-266.23179
38.80777	320.82752
221.63222	-264.55466
190.49592	301.26766
367.58910	3.32577
224.53127	-263.70705
149.79959	-288.60057
323.87567	-162.92982
323.88554	-162.91482
227.03536	-262.68301
226.96754	-262.74992
198.98686	-276.54529
247.11558	-249.94670
214.27766	-269.92182
214.23378	-269.95378
337.22943	-138.16912
364.85394	-44.74347
366.42191	-32.85486
293.95635	-207.53986
67.57854	327.30093
71.49173	327.69323
356.51349	-88.30384
185.47085	305.65892
363.08466	67.15925
238.77202	-258.56391
229.71719	-264.30939
229.71497	-264.35111
228.24328	-265.39220
228.35620	-265.32639
228.13678	-265.51541
53.58758	325.91591
230.50393	-265.15773
230.66068	-265.07169
230.54037	-265.21417
230.37648	-265.31702
234.18969	-263.11808
332.63238	160.31552
294.77158	-210.02035
217.57394	289.56367
349.78868	-113.81664
237.65017	-262.03927
235.21662	-263.70082
235.07651	-263.83902
362.14383	78.11480
240.76890	-260.21306
328.85371	-161.24840
238.52533	-262.63406
263.89079	-244.03358
263.75828	-244.15488
95.04902	-293.35321
266.58420	-241.88322
245.18744	-259.39735
310.68177	-192.66115
60.22149	-280.41722
237.65019	-265.30852
237.90601	-265.15217
237.43281	-265.48668
237.69121	-265.34185
136.34468	-299.56665
265.59171	254.00249
246.70933	-259.28510
191.81296	-289.02501
297.95864	-210.28855
350.97134	121.64654
268.34655	251.52893
234.68369	280.18018
311.93842	-192.26668
58.38171	-280.65902
368.02360	54.11543
270.66182	-240.23217
180.41444	-294.11628
253.44601	-255.67306
333.27058	-158.01797
122.14404	330.21706
117.13359	331.09000
46.40944	327.16374
49.03123	-275.95240
46.42024	327.17391
156.67459	-300.35220
156.61622	-300.39194
247.90017	-260.45746
71.79207	-289.22450
247.62942	-260.99000
318.12511	-185.00367
250.38828	-259.44313
344.01099	-137.05716
333.92079	-158.42798
252.14100	-258.51568
256.26832	-255.98508
163.71419	320.87534
137.50154	-305.77168
308.51378	207.34651
89.06507	334.90045
305.96161	-205.04027
200.84516	-291.55750
141.98355	-306.51270
311.86005	203.03675
252.71671	-260.90446
197.00149	-293.98019
75.45921	334.84775
167.42219	320.73434
167.36195	320.75829
167.31133	320.77824
266.71033	-249.26279
121.65494	-307.28443
271.34507	-245.11505
286.60889	236.05830
267.33634	-248.93927
259.20779	-256.04228
263.24262	-252.66389
373.42895	21.59421
263.16519	-252.80099
263.01089	-252.93588
277.17747	246.57025
269.56983	-247.16887
277.00358	246.76851
276.88541	246.90911
269.69077	-247.22104
268.11962	-248.72954
374.08032	9.70441
269.72784	-247.53017
269.54226	-247.71320
364.12278	86.71183
364.86560	83.61562
365.01810	82.98230
267.29020	-250.09127
266.27179	-251.02869
35.41025	-270.98008
373.77542	-20.21522
273.53748	-244.54248
273.80298	-244.29253
273.22561	-244.87791
105.30974	-307.48299
271.88623	-246.36235
269.67259	-248.46826
269.25896	-248.89416
269.31872	-248.84809
269.32899	-248.83919
277.48836	-240.97970
372.37437	41.44212
372.31297	41.99972
372.34101	41.75500
341.55098	153.10820
275.98664	-243.76581
297.12685	-220.65650
296.80225	-221.17345
24.27466	321.91869
24.25137	321.96179
24.22466	322.00019
255.97678	-262.51535
85.78176	-305.68411
283.44681	-236.97538
281.79367	-238.81763
282.09905	-238.50093
296.85226	-221.93492
280.36824	-240.50084
167.32277	323.78886
108.61606	-312.58870
108.59235	-312.59639
204.47474	306.45838
239.95290	282.94779
364.60345	-87.77826
286.13255	-235.22585
285.72834	-235.68372
285.59965	-235.82591
285.74593	-235.68576
283.38310	-238.31365
283.36621	-238.34792
283.32581	-238.41641
285.95143	-235.80959
288.71208	-232.86986
289.26730	-232.29758
289.14785	-232.50379
289.00782	-232.66222
288.85671	-232.84296
261.99227	265.15666
294.02081	-227.55718
293.77057	-227.86110
293.97965	-227.62523
293.95286	-227.68677
288.54939	-234.10703
298.79169	-222.26879
110.73120	-319.10737
304.49857	-216.05962
304.52133	-216.03945
304.56999	-215.97768
304.47385	-216.11734
304.40881	-216.20508
301.25862	-221.27062
350.02796	-137.43141
350.06579	-137.34331
309.10497	-211.01870
125.78783	-322.96514
313.72803	-205.07560
89.94945	343.72978
374.25308	-48.32590
80.93853	343.78434
35.76539	-283.06407
293.20641	-232.68922
317.79618	-200.10003
291.89625	-234.56142
296.55720	-229.03774
291.76641	-234.72957
316.75293	-201.95352
128.96638	-326.72929
142.18801	-325.75943
247.52303	281.30112
327.07462	-186.03516
297.53908	-228.42795
324.35041	-190.84888
378.17576	0.30585
21.44617	-268.11373
247.72809	-278.82879
330.25571	-181.87250
334.63485	-174.10266
334.84486	-173.71261
334.66236	-174.06965
334.61462	-174.17470
334.38333	-174.61599
348.85855	145.95613
348.47867	-146.39413
348.57194	-146.20189
348.22264	-147.02607
348.26789	-146.94330
348.38186	-146.68893
348.18051	-147.19382
331.98226	181.22153
347.85718	-148.09616
347.67085	-148.53823
347.73536	-148.39865
347.86787	-148.10829
140.65496	-331.35070
347.62375	-148.69323
152.05956	-329.48990
215.61080	-303.00848
129.11873	-333.62544
11.19200	-254.14241
128.99428	-333.68663
360.39805	-116.15862
360.28345	-116.51165
362.18407	-110.86011
361.57454	-112.84525
46.20841	-305.25876
361.67996	-112.53573
130.66141	344.66813
102.43737	-334.21638
360.01185	-118.12068
108.09482	-335.93038
238.94794	291.09235
73.12447	350.09280
365.64775	-100.39235
365.81321	-99.82292
365.58327	-100.65860
267.53996	266.66277
311.63547	-214.04644
162.91969	-329.96022
162.89745	-329.97048
367.03870	-95.56064
360.07979	119.62494
150.19317	340.54419
93.03963	-336.77036
376.17359	-51.29285
96.50300	352.54694
75.86232	-333.62532
376.53636	-49.84129
377.03787	-46.46327
377.34561	-43.97650
377.99672	-38.12870
377.92946	-38.88260
378.05346	-37.76376
173.00894	-329.04662
112.23333	-342.19968
378.07741	-37.75238
378.10596	-37.57829
378.06046	-38.11018
378.23057	-36.42185
378.37362	-34.99832
130.39162	-341.28593
184.66923	327.35917
167.12127	335.59008
167.26603	335.54153
85.97474	-340.05228
375.83262	-56.55879
115.50494	-343.96756
338.90278	171.59275
379.54014	22.38130
33.65349	-302.62024
228.56108	-299.38666
75.15885	-338.05040
61.23694	-331.19352
26.58719	-293.22985
20.75213	332.94962
79.43645	-341.52640
380.35375	4.06491
205.47318	-314.94811
332.68764	-183.37539
245.39649	-287.91770
118.90971	-347.66590
64.69848	-338.88539
363.50770	112.52252
98.57597	-348.71800
90.06029	357.70760
377.05657	-52.00151
141.96539	-343.91593
75.10350	-344.92436
141.92350	-343.93356
367.38359	-99.30885
52.22506	-332.56904
52.15081	-332.57849
132.50246	350.58945
76.38421	-346.38598
283.00516	-253.16773
333.95421	-182.12392
309.18926	221.51336
39.60668	-323.48909
23.64780	-298.88401
123.04250	354.08301
181.07785	-330.66089
46.64670	-333.14858
24.46272	-302.09835
380.17665	-24.87772
200.86551	-320.49697
375.04094	67.27549
18.65196	-292.09245
29.24899	347.60333
302.36528	231.25402
71.43418	-352.02858
33.51752	351.22982
13.78750	-280.56109
194.92261	325.36102
88.51084	-356.04966
18.78580	-295.36109
52.86301	360.26929
52.84118	360.31026
306.92221	-225.31387
245.80435	290.29919
45.73737	358.94312
76.67990	363.50989
37.34390	-333.79064
202.70115	321.36977
202.68728	321.38672
39.28183	357.72923
114.45059	-356.87012
44.87041	-346.03430
145.40548	-348.72846
297.09780	-238.56223
199.09338	323.94422
199.04486	323.97451
251.40049	-285.98424
156.68457	345.66613
87.48742	-361.73435
160.92101	344.08147
160.60912	344.22953
43.60977	363.48591
160.39176	344.33227
50.61652	-355.53546
55.41943	-358.64590
160.91630	344.24835
217.35875	-312.49319
95.67746	-363.01906
95.60272	-363.03708
40.65346	-351.93299
284.75084	-253.67500
131.74732	-355.34611
116.10431	360.83453
131.47477	-355.44848
131.24453	-355.53573
103.98452	-362.68470
158.31823	345.87029
23.48561	-333.59725
82.18091	368.54065
121.49329	359.96885
45.24412	368.98266
16.53097	-319.65719
10.78000	-298.05671
109.15242	-362.77208
27.53960	362.56192
62.93710	-368.32945
18.55380	-332.80114
41.47021	370.37561
19.74597	-338.46850
11.21288	-310.33914
22.52838	362.63563
39.20299	370.94675
38.54401	371.17598
37.35981	370.91484
20.10986	-343.21015
37.22547	371.02390
37.59081	371.20502
36.69996	371.19234
148.99490	350.86625
74.65705	-371.00612
34.41598	371.39202
34.45772	371.41781
92.12801	369.14130
31.69446	371.61098
50.08172	374.26060
47.07131	374.60873
46.09416	374.61131
45.97548	374.61138
45.48934	374.66391
27.76707	371.41781
283.88743	-255.38525
6.32482	345.48941
2.20656	327.60551
30.42354	-375.80214
5.29381	-319.93204
114.97490	-363.99011
3.59913	345.98400
12.68806	373.04903
4.80114	-329.78124
14.60948	-371.67138
16.92170	-375.59671
19.61112	-377.61418
5.01742	363.00439
4.95994	364.86655
24.49962	379.97256
2.63679	-322.43777
1.12765	336.49005
1.32650	-308.14675
2.73902	-358.43239
5.39743	377.55212
3.20398	-374.46500
-1.21594	-316.10239
-28.33563	380.07656
-23.37159	379.63992
-12.55710	375.24533
-14.04848	375.18506
-14.57009	375.15325
-14.73886	375.13094
-23.36677	376.64780
-11.04435	367.27253
-4.83476	-309.62956
-6.27335	345.80330
-48.74478	376.04735
-104.37099	366.55967
-0.39099	-235.72757
-33.98569	373.64803
-34.27108	373.67318
-34.31920	373.67212
-10.32203	351.90727
-147.42684	-351.71474
-33.28825	372.58468
-31.55719	372.06119
-32.39964	372.04159
-32.53076	371.93818
-57.19266	373.86293
-357.56270	133.99218
-357.51563	134.11661
-25.90165	367.55200
-17.50816	360.15757
-9.26480	-306.03524
-9.27957	-306.04842
-58.48746	372.72698
-246.26921	-291.49410
-47.32002	372.21599
-54.66817	-369.71575
-379.98895	-36.96217
-87.17553	368.85282
-47.51553	370.82168
-58.01922	371.37698
-54.41868	371.20627
-46.71697	369.90340
-47.53388	-364.44619
-46.98453	369.85438
-56.20382	369.82815
-35.46180	364.52495
-75.12035	-365.88410
-62.12777	368.86896
-32.48415	361.64550
-63.11856	368.72170
-28.30043	358.83117
-63.10739	368.66245
-63.59495	368.60899
-50.76793	367.10876
-61.02829	368.12239
-31.39524	359.81445
-162.76106	343.61413
-48.58351	-356.50528
-247.93144	289.43959
-48.96176	365.68610
-7.55784	-272.01063
-28.12734	-332.58863
-34.94039	-341.39411
-34.95261	-341.38386
-25.09039	352.82928
-287.66228	-250.02072
-334.94210	182.39844
-37.55917	-342.40207
-37.56315	-342.39824
-100.99922	-360.21190
-68.41933	365.70126
-121.58513	357.63218
-52.05747	363.09166
-45.09913	360.75683
-71.25977	364.55186
-76.07430	364.31130
-76.54243	364.21128
-102.27889	361.08747
-228.26384	303.98456
-77.44603	362.65056
-13.19869	331.72731
-57.60791	-347.46809
-77.99711	362.52345
-63.94776	-349.33064
-64.04956	-349.26995
-22.11751	-298.91754
-79.53050	361.03727
-13.02536	329.56865
-148.92854	346.48715
-149.24000	346.35265
-163.61346	-338.37394
-271.45255	-265.43495
-17.82918	-285.31501
-113.75568	-349.04013
-30.14618	-304.47872
-59.49542	-335.82391
-55.64522	354.51032
-139.40180	347.72892
-251.18676	283.95655
-106.63788	-345.58045
-46.95404	-320.46882
-104.17485	353.58703
-286.60211	-247.30394
-257.93660	-275.76769
-135.67404	-340.29834
-93.40001	-339.48640
-93.38632	-339.46011
-93.37225	-339.43079
-93.45703	-339.40787
-126.83745	-340.47030
-146.13817	-337.05236
-244.51338	287.93748
-61.62470	-325.93899
-97.37325	-338.43400
-19.74747	328.64214
-53.03948	-316.15634
-93.72939	351.65833
-88.63719	351.71539
-370.31237	-82.12391
-135.34606	344.35302
-110.93403	-336.87341
-110.95392	-336.82635
-111.17891	-336.80982
-111.03214	-336.78104
-111.29869	-336.77767
-111.30512	-336.77406
-111.33675	-336.77245
-98.83432	350.10083
-56.74141	-315.29315
-256.17997	276.54153
-190.44025	321.93386
-72.87612	-324.85764
-97.91056	349.66793
-181.76391	-321.07100
-247.28165	-281.55376
-92.23354	-331.01415
-92.45907	348.77885
-57.92573	344.81829
-161.76751	333.76551
-93.52989	-328.60343
-93.52684	-328.60044
-123.00052	-331.57972
-262.85172	269.16924
-64.74709	344.98022
-144.43502	-328.36109
-144.42991	-328.36007
-315.70357	206.86923
-69.79034	345.06750
-113.24139	-328.63963
-27.89047	329.83721
-67.51935	344.57382
-67.53225	344.57307
-371.82494	69.32645
-114.42536	344.51208
-96.96821	345.99652
-103.31215	345.60822
-196.10889	-310.09972
-196.03497	316.25685
-129.26953	-327.13758
-375.61287	40.42021
-211.45995	-300.82770
-176.55071	-316.42888
-377.52412	11.87427
-255.44762	274.05006
-274.78486	-252.45011
-269.81826	260.62155
-329.92257	-180.16960
-321.78422	195.85322
-321.70489	195.97440
-115.07896	342.44002
-109.71741	343.07471
-115.48935	342.33147
-111.37029	342.70087
-61.53744	340.67677
-61.55893	340.65625
-96.36314	343.46725
-228.09708	294.61642
-245.65144	-276.12636
-102.84018	342.22614
-150.18723	333.04198
-348.66346	-140.18262
-348.63164	-140.24882
-348.64944	-140.20536
-178.60024	-312.28535
-122.50567	339.61898
-9.80821	314.18031
-9.93002	314.28136
-11.97368	315.84906
-11.97266	315.84682
-332.52410	-173.02165
-170.79614	-313.80170
-359.55286	-109.56070
-128.51475	-319.84501
-215.37719	-294.63983
-15.39439	317.90598
-212.62952	302.98386
-286.34904	-236.48095
-67.85644	-301.83713
-192.23024	-303.99665
-122.33538	337.32163
-307.89787	-209.25384
-107.71481	339.14406
-130.62979	335.59764
-149.23051	-314.63846
-211.90862	-293.56977
-211.98625	-293.49990
-212.07130	-293.42259
-181.03396	-306.78173
-190.91972	-303.03371
-194.56541	-301.22488
-375.42892	-9.43431
-113.15776	337.80262
-358.16401	112.17985
-177.05979	319.70860
-375.28045	-4.12719
-105.45071	337.87000
-328.96095	-174.57528
-116.01648	336.38684
-103.87124	-308.99413
-116.44843	335.81077
-310.45392	207.23116
-310.51235	207.14675
-310.57579	207.05384
-339.97914	-152.13618
-340.02650	-152.03205
-340.06868	-151.93812
-209.33831	-290.13287
-119.65590	334.38661
-26.47066	-262.15627
-15.03352	-249.55321
-374.17135	10.79686
-353.98987	-116.86952
-91.95555	336.19754
-212.88654	-287.53862
-237.21392	-272.67915
-373.79549	3.49461
-373.73076	-0.69582
-373.73033	-0.69250
-373.42289	-12.56250
-371.72845	-35.63114
-75.59084	-294.75740
-205.25941	-289.56340
-157.69647	-304.42897
-166.01826	-302.75636
-153.51730	325.00921
-349.34722	-126.25434
-172.12480	317.94794
-87.17609	-297.72004
-373.08208	3.67875
-241.13380	277.24115
-167.46056	318.85914
-255.26605	-255.86695
-313.47136	-192.57273
-219.38262	-279.77652
-75.27961	332.94961
-42.37202	-272.25652
-220.59311	-278.83626
-237.44957	-268.24965
-305.40064	209.77613
-169.35702	317.03911
-139.37562	-300.75634
-139.44742	-300.72444
-157.11706	-298.62389
-347.43107	-125.91194
-12.76277	-244.32186
-215.98635	292.87435
-294.90601	222.04174
-95.83264	331.80643
-84.40643	-290.61877
-312.51407	197.03431
-312.39512	197.21043
-228.11339	-269.98183
-353.88665	-105.07831
-283.92154	233.98789
-90.67217	-291.16375
-105.33699	329.87400
-63.14086	-279.93116
-207.52742	-279.11496
-255.11128	261.78645
-118.88619	-294.96285
-106.90772	329.20527
-127.05701	-295.07250
-259.71395	-244.87729
-361.81668	-70.97133
-338.78038	-139.42607
-120.90156	326.77482
-202.20392	-279.43569
-114.01960	327.41908
-244.36295	-255.08469
-244.32589	-255.10377
-244.26829	-255.14183
-148.47320	-292.41853
-369.21142	-0.11813
-369.21035	-0.07389
-369.20318	-0.13245
-369.20301	-0.14352
-369.02017	-5.90583
-133.89668	323.49857
-117.44614	326.39509
-125.10343	-291.75917
-185.24270	-282.85420
-315.96210	-177.18634
-315.95427	-177.19771
-197.45509	-277.70458
-247.83800	264.60903
-212.10331	-270.82561
-110.64915	-288.27534
-128.25015	323.07539
-321.14063	-166.83792
-112.24788	-287.25862
-325.16326	-159.04992
-325.02869	-159.28247
-324.97454	-159.36539
-324.73217	-159.77238
-252.01640	259.77655
-350.40797	-100.83548
-355.08354	93.33079
-312.87371	-177.82048
-106.58976	-284.72761
-151.27105	-284.10051
-297.90935	-196.00797
-161.44421	-282.34359
-161.04803	311.48046
-257.18345	253.10805
-257.15181	253.13506
-257.38896	252.91595
-112.75114	323.00140
-364.57148	-16.31340
-136.74760	318.36925
-280.09222	229.24396
-139.03245	317.21596
-125.69049	-282.27742
-324.44433	164.56903
-262.84567	246.03577
-261.62526	-229.05291
-287.19074	-203.96140
-261.93839	-227.92886
-262.00716	-227.84002
-297.02896	205.59848
-295.99819	-191.12918
-86.51168	-274.00261
-226.10596	-250.92708
-358.29936	58.00829
-261.28543	244.55366
-261.30269	244.48569
-261.29522	244.48989
-261.32500	244.41604
-327.30109	-139.77884
-114.40883	319.51846
-289.70161	-195.97483
-278.49444	226.41219
-205.89351	-259.52508
-179.47788	-268.95425
-330.43844	146.74632
-344.49491	111.08217
-137.70271	313.94744
-360.83666	10.36138
-360.48091	-8.73843
-360.47620	-8.66870
-360.44785	18.77913
-77.08650	321.28226
-355.33459	-51.99704
-291.74248	-190.70933
-355.29682	64.24419
-112.55357	318.48487
-110.49993	318.74742
-166.49979	-269.17505
-273.05022	229.68139
-358.23727	37.90500
-338.96736	121.93350
-359.37902	-6.61026
-359.53021	13.78856
-151.77048	308.48905
-174.87837	-266.10778
-359.39580	9.44581
-359.38270	9.54840
-250.03616	251.51366
-121.29611	-272.53624
-124.74251	-272.12281
-84.30412	320.01334
-356.44551	46.59880
-187.75108	-261.00646
-251.48927	249.63699
-225.06533	-243.37663
-60.15435	-261.00652
-148.62315	308.55765
-122.00831	315.32712
-351.03570	72.91389
-187.08993	-258.50265
-268.10396	-208.31927
-154.84207	305.40853
-236.75029	259.91027
-262.04477	237.07039
-200.27411	-252.06976
-142.95511	308.71361
-276.35829	221.04233
-350.33998	67.11488
-172.09932	-260.32634
-231.11412	-232.94185
-351.94025	-34.18581
-295.88589	194.51397
-114.02744	-265.95088
-303.20198	-161.83084
-332.24226	126.82576
-349.49018	64.88838
-349.44428	65.05966
-353.13765	-18.27474
-348.31717	-51.74427
-149.48368	304.82087
-348.29864	-51.66675
-174.93783	-257.00952
-348.30335	-51.53810
-125.37499	-264.90349
-138.99455	307.90858
-138.88212	307.93354
-138.87941	307.91885
-138.96542	307.88639
-139.15391	307.81348
-224.40040	266.03170
-139.02607	307.81428
-139.08580	307.77951
-161.06417	-259.96479
-141.92186	306.58579
-352.91219	-7.10914
-275.31977	-193.13244
-340.46958	-78.64680
-167.42363	-257.38932
-299.17379	-163.87921
-151.58904	-260.76468
-281.90086	-185.46521
-290.85257	-174.78649
-345.56124	-58.58612
-267.66468	226.44307
-333.94835	-96.01516
-104.85128	314.18960
-197.04601	-245.52628
-237.32994	-223.17599
-237.34550	-223.15926
-349.95088	-23.16386
-143.22520	304.97489
-283.11406	-181.06958
-335.89432	108.14961
-324.11391	138.59227
-324.12676	138.55727
-156.14176	300.28249
-124.64605	-261.36987
-159.39585	298.99943
-156.26131	300.16539
-204.41295	276.69762
-156.68100	299.96987
-159.73732	298.79103
-349.41826	-22.24926
-159.45664	298.89386
-349.39867	-22.29409
-158.78151	299.06129
-158.95381	298.94238
-155.10788	300.35935
-154.90690	300.42879
-158.09566	299.20478
-158.28232	299.09599
-156.35001	299.82246
-158.04311	299.17727
-159.11209	298.71258
-156.78449	299.47051
-156.12312	299.66097
-160.36991	298.02404
-158.31993	298.81641
-155.92066	299.72005
-160.07420	298.12284
-239.62568	-218.70083
-157.36044	299.13593
-160.42590	297.91694
-47.95748	314.77990
-182.67752	-248.46084
-326.48012	-107.72478
-117.11467	-260.44667
-323.04599	-115.32517
-299.74957	-156.39160
-299.73894	-156.40350
-155.80335	299.53541
-158.82643	298.38316
-154.69894	299.92272
-247.02160	243.80482
-160.22745	297.81684
-158.71921	298.37112
-158.95243	298.27983
-159.01848	298.21531
-159.78092	297.85186
-184.97234	-246.87589
-32.84022	312.77710
-330.79657	-95.08601
-330.79792	-95.07002
-263.56872	227.23233
-323.80688	134.96715
-315.43843	152.79753
-290.04877	-167.30974
-159.15938	297.54508
-290.06739	-167.26327
-156.67851	-253.87465
-273.19352	-186.27773
-164.77611	-251.28056
-348.31601	3.90758
-305.95208	168.75905
-286.60959	-169.41496
-172.99051	290.87397
-344.66966	56.49795
-313.50834	154.13421
-307.52322	-138.55632
-168.90147	292.38011
-149.63899	299.88481
-310.44595	-132.32661
-256.97617	-199.18526
-183.83120	-243.35750
-82.57346	-255.46741
-138.19844	-254.26023
-345.51344	-10.42338
-212.59719	-228.92267
-280.30861	-172.53229
-339.52763	-49.24991
-321.97304	131.25664
-321.97739	131.15289
-321.97732	131.15285
-322.07071	130.87257
-323.78710	-99.65365
-323.78983	-99.64596
-318.85213	-110.19945
-220.02611	-222.92126
-333.64745	95.50327
-322.45211	128.36058
-344.61612	27.27864
-340.21888	-39.92338
-286.16590	-162.93128
-116.87339	-254.41954
-212.54826	-226.23234
-157.42185	295.01523
-192.85761	277.36642
-192.81750	277.37976
-35.16704	311.76118
-123.13244	305.27334
-342.43673	-0.97069
-113.21831	307.29007
-285.96222	-158.00602
-337.11362	68.43350
-326.00495	-80.03900
-255.35149	-189.72987
-131.65754	301.85418
-328.20080	-71.13963
-314.30109	138.28032
-338.08111	-23.05396
-156.17001	292.83731
-297.95732	168.53083
-238.22446	241.29276
-216.99488	258.18737
-49.11402	311.81063
-174.34839	-236.62724
-337.55587	47.15910
-80.38381	-249.55634
-192.35119	273.96651
-217.68185	-214.72444
-217.68138	-214.70986
-337.65120	40.81539
-230.24237	247.05324
-301.98746	-125.81034
-142.01227	-244.73341
-247.56497	230.96744
-313.67934	134.29456
-110.66133	-248.62245
