-159.91057	308.42102
-253.26712	252.21854
-109.92835	320.27928
-109.69880	-275.75691
-266.22678	-219.42566
-361.41303	5.42204
-361.08870	2.86435
-361.05783	2.85280
-86.97171	321.37431
-104.75735	-274.04850
-158.11567	-272.37075
-315.16530	-158.46796
-18.98480	-243.14692
-337.84379	-113.24305
-317.28877	-153.34779
-359.72513	4.18383
-153.39711	-270.91208
-163.75614	-268.84575
-108.10946	318.13636
-49.49022	318.28995
-340.64852	-99.46288
-340.65123	-99.45284
-49.49226	318.24267
-349.73575	83.71108
-257.89296	243.70676
-293.58063	203.55282
-351.89867	-58.18245
-134.20362	312.60775
-306.32788	184.57856
-182.17707	-261.68781
-84.88916	-267.06108
-337.42473	-105.26967
-43.63111	316.98280
-353.53432	58.57117
-293.16766	-181.22394
-302.52687	-168.69717
-71.59416	318.93155
-355.53384	35.70553
-120.53657	314.31853
-127.04185	312.89606
-134.09535	311.18813
-266.87375	-208.14105
-337.79206	116.62752
-335.37255	-105.51136
-338.54821	-95.92163
-242.41069	-227.03096
-242.39824	-227.01704
-223.82217	-238.28707
-223.80591	-238.29596
-170.47978	-260.34113
-122.38978	313.04762
-122.15723	313.07007
-122.38593	312.97342
-97.95858	-265.67173
-122.12160	313.01910
-122.74904	312.87654
-122.45336	312.93375
-208.89873	-245.67073
-122.33359	312.90367
-122.74326	312.78912
-239.29481	-227.68044
-122.57301	312.80587
-294.71934	-174.29786
-264.92644	-206.85615
-336.29888	-95.81216
-336.32707	-95.69024
-293.31610	197.13176
-124.96648	311.43489
-183.63954	290.23927
-346.10791	75.34483
-315.10043	-137.52522
-315.09460	-137.53558
-270.28844	223.41985
-90.49987	-261.41925
-267.90050	-198.44949
-347.12323	64.63043
-156.31623	300.67761
-333.66864	-93.74744
-333.66749	-93.74858
-147.59094	303.42348
-147.56068	303.43322
-351.21893	19.71961
-273.83428	218.00832
-351.17707	12.57303
-331.05007	-99.38098
-189.43953	-247.28815
-94.75626	-260.60827
-342.85947	-59.72583
-70.34042	315.87282
-61.15170	-254.43728
-349.91057	-6.20115
-349.91079	-6.18618
-349.25263	-15.55989
-301.30302	179.64276
-331.75667	-94.12772
-335.77727	104.01699
-279.89963	208.94139
-169.01754	-252.24189
-168.86864	294.10112
-261.03956	229.93566
-199.22189	278.43793
-116.69411	310.10832
-206.58538	-236.46178
-348.53178	24.89913
-92.76616	-258.09373
-179.37482	-247.00378
-106.37364	311.61801
-250.08043	-206.57285
-328.24559	-94.16092
-328.24337	-94.15968
-300.76953	-147.74278
-309.07216	-133.96613
-171.23919	-247.42847
-206.15526	271.90555
-206.16003	271.89889
-346.64494	13.90980
-342.96428	59.49251
-177.42419	-244.75721
-325.55204	-96.19076
-132.54696	304.02284
-323.48313	126.31427
-323.39047	126.47023
-108.19742	309.59931
-108.18888	309.59375
-330.38270	-80.50552
-330.33681	-80.26791
-330.46324	-79.76403
-329.99170	-79.71655
-329.98557	-79.73132
-329.96566	-79.77536
-329.94070	-79.83715
-310.06026	154.44059
-321.43544	129.29647
-321.43804	129.28928
-332.67456	-68.86892
-283.95356	-164.32526
-117.71818	306.86839
-281.15906	-166.99914
-110.65490	308.22835
-341.98960	37.74434
-166.87310	289.80685
-234.97248	246.84260
-341.62705	39.08059
-322.99634	121.42815
-188.38851	-234.88126
-299.01288	-138.91611
-201.85327	-227.92701
-173.27355	-239.89269
-339.72523	47.39079
-300.44648	165.95421
-300.57860	165.66718
-287.58868	-152.50962
-105.40711	307.85941
-240.43221	-201.31338
-332.76941	-53.06762
-340.10737	29.03857
-340.08236	29.25825
-340.08457	29.16472
-340.04956	29.52962
-216.81293	-217.27856
-143.22980	297.59956
-84.57021	310.76571
-84.52473	310.73685
-84.52799	310.73368
-84.48688	310.71781
-112.93201	306.02606
-302.11948	161.12843
-179.22043	281.73310
-294.43141	-140.26356
-77.70114	-249.43087
-218.98115	256.44928
-219.04203	256.37875
-338.15446	40.24653
-258.58446	220.60565
-337.27767	45.95233
-337.27582	45.95363
-225.04889	250.94290
-325.81377	-68.20041
-301.20752	-124.66087
-166.63953	-237.01513
-271.25757	-166.40086
-336.26039	-7.46216
-336.25635	-7.48942
-336.25447	-7.48527
-2.43302	305.60675
-239.78160	237.03382
-325.22738	-65.64513
-253.20084	-184.15190
-331.75151	-38.49314
-278.34436	-156.56404
-336.04253	-1.36128
-298.51207	161.53777
-82.46610	-247.66936
-289.60539	-139.58935
-331.73777	-32.07843
-325.04534	-61.26166
-102.96808	-246.97237
-335.42529	22.45009
-332.07921	-27.48312
-208.22578	-215.39939
-318.28260	-80.82629
-137.80143	296.59816
-150.83711	291.69032
-255.75246	-177.28765
-255.75501	-177.27796
-325.20854	-53.70263
-323.05180	-61.27404
-89.61987	307.68978
-323.03826	-60.89622
-323.03015	-60.90476
-322.91649	-61.19496
-196.06792	-219.82399
-314.88395	120.13943
-293.03623	166.45936
-327.74239	74.40651
-194.18972	-220.27746
-333.01766	6.91741
-292.84327	-128.27475
-111.73855	-244.43328
-306.02996	139.98317
-318.96510	104.45038
-313.20097	120.91590
-252.78784	-176.25036
-328.58390	-24.26861
-328.58667	-23.61880
-314.74712	115.67265
-330.21977	-10.04694
-310.22595	-89.89235
-310.50547	-88.47986
-310.50023	-88.45681
-110.55588	-242.95983
-283.70468	-137.67358
-180.88253	-223.45652
-299.48377	149.54080
-299.51143	149.38733
-213.98736	-205.20736
-322.63426	-47.79375
-214.08517	-204.98649
-329.53290	3.01750
-273.26494	191.62477
-321.30424	86.90324
-321.28636	86.94727
-321.28290	86.95944
-321.26673	86.99907
-299.80621	146.37389
-227.88758	240.50084
-329.01937	12.17781
-258.60953	-165.16423
-290.28475	163.89785
-322.53257	-36.02830
-301.52829	-99.28592
-326.56798	41.61444
-249.51012	-171.82069
-172.75481	276.85186
-283.78831	-128.87708
-284.87997	168.75388
-309.07646	-72.70793
-316.49149	89.14221
-198.50569	259.32700
-322.64340	-5.36749
-275.29469	180.42666
-240.67961	-173.98284
-240.72456	-173.92194
-240.77243	-173.84811
-300.94900	-87.84388
-240.14441	-173.49324
-312.67467	95.40700
-227.57358	-183.73553
-101.39911	301.24627
-318.66089	-16.46977
-244.85939	216.31668
-198.79109	-202.75784
-319.49062	-4.35969
-216.12968	-190.40754
-296.41850	136.04842
-296.40797	136.03701
-296.39246	136.03557
-287.99364	153.61792
-82.39468	304.41056
-295.26612	-92.07561
-286.67153	-107.91449
-252.63326	205.22651
-309.51149	94.87905
-235.52334	-172.19474
-256.07076	200.73760
-240.93472	218.18450
-292.89078	139.79134
-313.36524	74.92235
-292.22641	-93.41156
-252.17884	204.75091
-54.56668	-237.67965
-187.36879	-205.21569
-289.05841	146.04947
-316.89380	18.72418
-314.95873	55.24715
-277.94799	-116.51878
-251.47489	204.05436
-138.01905	287.45815
-138.06992	287.37215
-79.34326	303.87806
-138.07802	287.29492
-138.10627	287.22158
-290.88119	139.13321
-149.35514	282.17567
-315.26865	7.54960
-290.79166	139.21081
-54.11372	306.66656
-155.23302	278.76369
-271.62181	173.21783
-314.47174	24.82020
-291.03763	-85.86119
-312.16484	58.13606
-159.22096	-215.76672
-305.40314	92.04861
-305.35388	84.85221
-284.90570	-92.14709
-284.89410	-92.12811
-284.88404	-92.11607
-172.08306	-206.98258
-290.16635	130.66851
-310.80708	33.99049
-88.65509	300.52829
-275.90848	-106.47835
-252.99984	-139.47491
-214.71061	-177.85404
-158.04400	274.71452
-308.94137	36.62332
-302.05995	-35.40917
-302.06011	-35.40592
-267.22657	172.29072
-253.57167	192.02436
-308.51739	20.76037
-308.48892	20.74994
-241.87127	206.49026
-19.78418	306.42179
-19.93372	306.42606
-241.72169	206.54474
-19.81140	306.41537
-189.79996	254.28273
-241.74658	206.23744
-241.69732	206.21527
-252.65579	192.12592
-241.31358	-149.22236
-78.01957	-232.70320
-287.57080	129.16223
-307.02113	13.54283
-71.67111	302.84048
-256.29798	-129.68673
-301.71996	-26.51898
-153.22286	275.87207
-152.91509	276.02220
-152.68228	276.12282
-152.69082	276.06856
-152.90908	275.95445
-270.12357	163.58905
-151.78844	276.24339
-271.51911	-104.22315
-233.35236	-155.04462
-124.62668	287.87332
-67.43785	303.03974
-45.41788	305.47724
-45.41297	305.47567
-201.91914	-180.59277
-302.70491	50.46702
-97.24818	-227.72722
-267.52386	163.16714
-267.53791	163.14004
-290.31099	-53.70229
-169.00138	264.89085
-253.85987	-125.40397
-274.32347	148.56750
-293.22280	-39.40913
-279.55103	135.94308
-243.88714	196.50545
-208.24776	-172.23629
-262.59445	-107.93642
-137.13060	280.72832
-279.27093	134.09028
-166.62652	264.99954
-300.12687	34.83273
-297.07534	69.32495
-252.58045	-120.89504
-298.86399	28.14816
-284.50852	-56.81128
-284.50569	-56.80944
-298.84478	27.89557
-298.84168	27.99881
-99.08877	294.36112
-164.19300	265.37255
-297.90303	40.34371
-192.50784	-180.78851
-294.03763	-16.31018
-294.03726	-16.30641
-207.45404	232.34180
-158.38733	-201.55111
-247.10271	186.79745
-181.48424	-186.69693
-147.33699	273.73672
-140.86432	-208.67241
-233.37842	201.93995
-244.95198	186.06884
-218.56409	218.09936
-293.24865	17.88710
-218.46074	218.11073
-232.10292	202.33979
-94.12488	-223.12072
-292.90822	29.58828
-78.59376	-226.35194
-246.99986	-113.30536
-290.45431	36.10537
-290.05576	21.90347
-289.64714	19.03527
-289.64646	19.02415
-44.01220	303.48597
-200.62650	231.18273
-252.95840	164.66710
-283.44028	-9.67382
-283.95668	72.52182
-283.95660	72.52208
-221.86738	207.99295
-213.54897	217.20458
-114.55257	-213.27259
-178.01150	248.82157
-255.16386	157.95008
-209.09469	221.29117
-208.99049	-152.22989
-266.82290	-62.04747
-283.17498	12.95672
-170.73778	252.76506
-279.66349	76.88969
-279.66065	76.88906
-226.87290	197.86633
-220.80007	205.23718
-268.59183	118.19621
-236.95174	182.25422
-259.37383	-70.92312
-223.77896	199.01084
-279.93255	44.28594
-274.37561	-19.30478
-89.43738	-218.16752
-180.87295	-169.72549
-179.33037	-170.18691
-116.13646	281.58855
-226.75114	192.79976
-226.59760	192.99711
-275.02884	75.25982
-227.18258	191.17585
-227.18009	191.16840
-221.93214	197.71503
-175.51884	-171.18818
-222.36736	-123.61530
-218.64438	201.28846
-275.57840	56.01265
-272.02177	82.12006
-200.63273	-147.75228
-275.19829	24.26021
-7.21223	-229.86366
-56.06847	-224.78625
-140.79651	-193.12868
-269.23850	-16.50495
-223.23096	191.94866
-174.85454	242.97114
-272.42004	56.14561
-174.60441	243.01381
-271.59599	11.58674
-271.55827	11.64706
-271.51580	11.70937
-222.41778	-116.88517
-222.42483	-116.87446
-228.05448	182.98352
-228.04430	182.99500
-181.37538	236.40496
-254.62878	130.40764
-248.15612	-70.70708
-97.78507	286.81896
-224.06274	188.09263
-100.64785	-209.93799
-192.06260	-148.21093
-188.60287	-151.52807
-265.72724	-3.27277
-265.71877	-3.31747
-265.71573	-3.31048
-227.01421	180.76313
-85.45851	290.60762
-261.66847	-22.48270
-101.80510	284.33146
-101.82227	284.28415
-266.66878	62.12980
-200.82955	213.85368
-178.97969	235.74826
-242.79281	150.17320
-184.01026	-153.99302
-189.38059	225.34413
-201.00520	-135.17846
-201.11966	-134.78668
-262.27826	-4.19443
-241.18821	149.45191
-234.32487	-84.51531
-265.03795	38.11815
-195.32225	-138.72628
-263.14330	26.93115
-201.18757	-128.26218
-201.14854	-128.24273
-114.16720	276.45828
-248.24027	-41.33773
-216.72076	-104.98632
-232.98031	156.88079
-232.98262	156.86210
-259.48198	32.57723
-259.47673	32.53918
-259.47232	32.50763
-215.66095	-103.61066
-241.13474	-53.29959
-241.10466	-53.36115
-241.07510	-53.40721
-215.65225	-103.47119
-215.64536	-103.41576
-215.63794	-103.32717
-157.65622	247.47621
-244.56724	124.48045
-249.95690	-23.06320
-249.94210	-23.05714
-89.84448	285.80452
-142.45228	257.61635
-142.44396	257.61893
-157.24994	-166.17506
-92.81783	-206.18348
-250.49961	92.25458
-253.64466	54.63701
-253.61107	54.78975
-253.57229	54.89204
-252.01728	73.17122
-146.85015	253.16791
-180.77672	223.24775
-189.40477	-131.27778
-233.84520	-56.69291
-224.70795	160.18988
-250.80780	12.65309
-238.61629	123.34965
-178.15890	224.04659
-78.95646	288.68958
-178.12184	224.06916
-178.17753	223.99872
-178.09802	223.82212
-190.30994	-126.68982
-191.14356	208.77029
-178.27065	223.19937
-247.31540	80.96860
-235.38460	-42.79463
-214.72854	173.69054
-203.01983	191.66922
-182.94801	-132.97399
-248.15825	27.57572
-248.11413	27.51883
-248.04815	27.46201
-248.01208	27.44238
-235.36192	-38.25297
-207.96837	-97.61452
-201.20981	193.06702
-201.23473	193.01343
-201.24572	192.98285
-95.03760	-201.35053
-59.63069	-216.26915
-219.29685	161.93377
-226.30192	-60.32010
-211.12606	176.54485
-68.23881	291.45334
-175.88096	222.41197
-175.73467	222.49031
-175.56412	222.63146
-175.56558	222.61739
-246.05012	43.07633
-242.36351	86.49398
-242.96106	9.00946
-236.37130	111.59756
-128.28602	-179.46132
-190.68162	-117.99904
-78.19768	287.48508
-243.98283	61.00747
-243.97246	60.97252
-243.95545	60.94370
-242.29142	74.23054
-217.94177	158.38865
-243.75720	37.22963
-181.58027	213.94677
-201.35295	-100.21247
-217.61415	-69.07547
-220.81399	-61.03053
-185.45183	207.39669
-167.43459	227.48556
-208.22001	173.08773
-208.13782	173.14924
-208.14227	173.13506
-179.16220	214.48367
-208.03493	173.18510
-237.68883	2.50619
-186.09027	205.77492
-174.49133	-132.51254
-130.12405	-174.63301
-237.96267	79.42399
-236.28760	90.46127
-228.50193	122.10704
-234.44960	-7.61162
-105.00478	-191.48770
-69.44590	289.54524
-237.22115	74.87844
-204.80842	174.93744
-204.44500	-86.15968
-163.60970	228.99302
-235.85612	10.51560
-198.93194	184.04048
-187.19933	-112.45736
-236.37996	18.32074
-211.61261	160.53851
-196.33931	187.58548
-67.27251	-210.23290
-236.78514	24.81078
-230.76715	105.75205
-187.06366	200.66409
-184.03564	204.55543
-235.81719	18.89756
-189.32258	196.97547
-236.59338	52.05305
-236.02307	36.77318
-201.49613	-86.28878
-223.03953	-35.16712
-235.37275	53.82858
-231.35039	91.33667
-175.78982	-123.35010
-154.96165	234.54056
-227.74270	106.67576
-131.28906	-169.04208
-131.28480	-169.04049
-178.82351	-118.42685
-106.09333	-187.22613
-227.11539	103.06003
-231.91467	22.97904
-192.28170	186.44405
-180.35286	203.67693
-177.61819	207.07428
-191.93012	-95.25035
-224.47581	108.96388
-231.52715	40.38912
-228.31440	8.62788
-218.41954	-34.17468
-218.60038	-33.39042
-86.01472	280.52295
-230.06909	37.59893
-130.20826	252.99224
-226.33662	88.64488
-212.56717	140.11827
-93.15606	-192.97809
-184.35948	194.52449
-191.69777	183.01737
-189.73627	-93.52077
-172.42983	209.91147
-170.64019	211.87349
-221.57684	103.03698
-156.94008	-136.75059
-224.98781	79.65661
-165.20531	217.38955
-179.94544	-104.92974
-224.73054	26.09206
-223.65999	19.65047
-128.86243	251.25560
-172.17704	206.48323
-109.89850	-178.63582
-189.57325	-85.09864
-189.54379	-85.12178
-189.52664	-85.13465
-223.33360	32.50719
-180.26306	194.47165
-185.95926	185.41533
-189.02935	178.92524
-161.93066	217.44352
-196.17749	164.58704
-220.26645	81.49036
-200.38697	155.17646
-198.43632	-62.40708
-206.96214	136.42371
-221.05851	61.56272
-202.64108	147.37507
-175.57309	197.94666
-220.19953	67.75895
-175.56691	197.88576
-196.83624	159.94740
-181.69589	188.14307
-34.31283	-219.25759
-191.90702	166.31433
-155.10423	221.74089
-155.01627	221.77677
-154.95460	221.81624
-185.05129	-82.16956
-199.65512	147.73338
-136.41664	240.21337
-180.31461	-88.38878
-196.15094	-54.56175
-214.79864	23.25375
-143.92417	-139.92040
-193.62110	-59.46433
-193.58002	-59.47370
-208.06689	114.27496
-191.30307	162.25179
-190.90044	-64.32450
-188.99995	166.60507
-178.62254	-87.39697
-186.68455	169.59750
-214.06061	48.65869
-212.82905	34.53147
-182.28376	175.95239
-210.30631	17.33140
-211.65005	49.36909
-161.97908	206.70462
-189.06104	159.68406
-179.45036	178.88615
-201.39441	124.27245
-210.29374	33.52750
-181.60295	172.61023
-181.62569	172.54766
-181.63355	172.51480
-181.65123	172.47816
-202.19444	-13.45808
-115.23309	253.99292
-176.88781	-81.17878
-98.81494	-177.33403
-207.55018	38.59038
-185.14948	161.33266
-182.95290	166.03912
-93.85773	-180.83393
-156.54329	-112.94616
-191.47475	142.47726
-199.11577	115.02211
-196.90706	-19.33508
-191.76390	139.48430
-191.75784	139.47267
-178.05495	172.08959
-184.70685	-55.21454
-200.22449	-1.77058
-180.29083	165.54357
-131.90076	-141.29458
-171.89191	181.73038
-177.53609	170.11671
-169.79075	-84.14458
-169.80965	-84.02926
-191.96166	132.21611
-202.43971	31.42115
-186.81210	147.18767
-202.41067	31.43663
-192.07723	-23.41442
-191.56628	130.12282
-175.25603	171.83062
-175.25381	171.83186
-192.86944	124.06550
-192.84639	124.01103
-180.66137	158.97946
-200.85457	70.50290
-183.61546	150.22401
-189.59552	132.44351
-159.08577	198.65686
-109.45831	-161.83812
-145.55779	216.07937
-187.52253	134.58230
-135.32324	-131.52940
-171.02905	175.33472
-157.58035	198.04382
-195.57312	92.82245
-179.81497	-47.81543
-193.70694	5.87645
-195.71911	86.04128
-188.83585	-16.15434
-178.37766	155.49809
-178.08706	155.77882
-153.21059	202.93133
-153.70667	-101.26968
-171.16814	-66.59449
-160.10333	-89.17146
-68.68101	-194.02026
-183.66218	136.60428
-159.32904	-88.12846
-132.43232	-130.54732
-179.67327	146.32598
-140.43884	218.08017
-187.57041	116.80325
-194.02815	64.87544
-176.33029	153.58255
-176.30279	153.60803
-163.83409	180.79856
-184.87172	-16.90908
-158.80371	189.52227
-173.05481	159.33072
-187.17521	112.09561
-179.41817	140.65534
-185.27906	119.31651
-190.58750	88.72856
-183.75189	125.03971
-168.77807	-60.62697
-189.87305	82.22283
-190.70041	55.78449
-189.82127	59.88546
-189.42029	46.96641
-183.51048	114.10153
-183.47619	114.00997
-183.15379	115.17835
-183.33023	114.08348
-183.52911	112.61930
-182.95300	115.15656
-183.03524	114.14431
-186.80695	20.02436
-183.19695	113.26139
-168.25707	-55.01755
-183.15841	113.14899
-183.28999	112.43419
-183.12879	112.96945
-183.11701	112.77766
-182.65589	114.96608
-185.39795	11.28747
-183.00565	113.07193
-182.82072	113.73218
-185.30195	11.40709
-185.32547	11.59021
-182.95289	112.80291
-182.64848	114.23667
-177.57803	134.63707
-182.52660	114.40503
-182.54205	114.32116
-182.71201	113.41862
-182.61240	113.66279
-182.44228	114.37471
-182.45745	114.26741
-85.70841	266.79895
-184.19266	104.84076
-182.48773	113.83320
-90.39912	-171.67069
-182.20333	114.99993
-187.91880	69.73421
-182.28005	114.31617
-181.95710	115.47231
-182.03019	114.76524
-182.26070	113.40460
-181.92592	114.82041
-184.69609	11.87523
-184.66933	11.82057
-182.18480	113.19873
-182.15341	112.99990
-184.58811	12.39621
-179.91149	-12.58728
-182.03531	113.23673
-181.55330	115.26774
-181.55636	114.60220
-181.51384	114.69841
-181.54400	114.52074
-181.47769	114.57282
-184.08394	12.04836
-172.35180	147.56715
-119.20597	-139.07933
-183.80712	12.60534
-183.69052	12.51264
-183.55757	11.97725
-176.23326	131.55599
-167.05510	159.07045
-164.25596	165.71047
-183.56964	93.26777
-176.84204	-16.29228
-67.58241	-189.94300
-130.49416	-121.29705
-183.60254	34.39351
-180.97400	98.08762
-162.73586	164.55505
-181.81095	22.85413
-162.69361	164.56976
-181.76720	23.42910
-171.62359	139.24922
-176.29082	121.25595
-179.97029	12.04547
-181.70014	26.17192
-181.67260	26.04747
-181.64758	26.11151
-181.59072	26.04963
-181.59807	26.24438
-181.58044	26.10282
-141.70055	203.88510
-136.20703	211.45861
-161.65865	-54.80749
-170.61675	137.87776
-178.29722	103.09422
-181.62541	65.49552
-167.58794	-29.59271
-97.58029	252.76770
-175.39514	102.93113
-125.42394	-120.45003
-145.89379	-82.96255
-168.52202	132.02786
-131.69067	-108.47619
-177.38347	58.31984
-146.44483	-78.22767
-164.65753	139.88583
-173.64614	95.97592
-169.95155	-3.07652
-153.60306	170.09706
-165.86863	133.72143
-160.38581	148.88127
-174.41399	61.76513
-170.29706	107.11759
-173.04746	31.95031
-147.45847	178.20420
-171.97678	81.54897
-170.51813	21.21492
-142.25552	-79.07516
-151.57148	167.46957
-170.12653	87.31894
-146.19979	-66.99035
-165.96267	105.99406
-167.01154	96.96523
-168.13699	78.98457
-129.45691	-97.29072
-94.75356	248.90759
-73.39159	-175.14447
-32.41721	-210.19426
-159.64098	-10.70395
-135.03401	-84.32219
-161.30603	116.50617
-138.15007	-75.68737
-161.88870	110.70891
-134.63870	192.68907
-132.13983	-86.52364
-161.00788	107.63904
-88.24467	253.52687
-150.84856	-35.45733
-153.03201	140.72930
-160.50779	14.53293
-159.17479	6.67574
-158.07971	115.46836
-162.38933	40.44149
-160.51911	98.22916
-160.92734	94.52428
-68.77806	-177.07512
-124.91735	204.80721
-157.95554	111.58631
-152.96034	-18.42051
-45.73282	-198.29193
-63.00876	273.27544
-156.93621	102.96964
-156.72955	102.95120
-107.23783	-123.65978
-140.57778	-51.80457
-150.96168	131.52323
-95.29280	242.25149
-22.21993	-215.67614
-67.09838	268.81224
-67.09453	268.78990
-126.39863	-82.95269
-151.49726	119.30267
-123.44498	-88.13000
-108.81693	222.83481
-102.61567	-126.67166
-155.20436	77.57341
-43.18936	284.93973
-153.91132	87.96871
-153.19449	94.17431
-141.34398	-34.63811
-121.10971	-89.66516
-121.07692	-89.65158
-121.07104	-89.64976
-121.05220	-89.63087
-136.24275	-49.47537
-143.21326	142.54264
-107.80340	-114.71338
-151.53439	91.52969
-93.40843	-137.88975
-152.70727	56.32895
-147.17807	117.88835
-138.88186	150.93990
-130.03569	175.39125
-137.49820	152.56400
-128.06543	178.97796
-149.70151	47.32378
-148.35117	92.39711
-116.05543	203.31734
-89.45482	-140.00162
-140.20072	-18.58695
-87.57578	-142.42851
-141.12883	133.27737
-119.37404	-82.58741
-119.33399	-82.57726
-146.15201	19.58907
-119.29986	-82.55466
-147.42062	44.76143
-134.85177	-33.96085
-132.60607	157.90019
-109.04897	211.58171
-46.60451	280.51379
-138.82199	128.81266
-142.13493	108.54496
-142.13101	108.55241
-144.33425	77.87053
-142.53376	97.67865
-143.83451	70.41314
-143.90256	64.45550
-142.97026	68.44222
-142.66270	50.30427
-139.58673	108.85122
-139.37895	108.57749
-38.99833	-197.37232
-141.15257	83.73284
-141.63894	57.77683
-129.82080	-30.25128
-129.85344	-30.09984
-129.78918	-30.32195
-129.67008	-30.76102
-140.89756	79.78970
-20.65738	295.43582
-131.26877	-16.93196
-31.02488	-204.26856
-53.38987	273.01180
-138.54309	82.75816
-120.56492	-54.24643
-120.56115	-54.25275
-137.20218	76.56661
-131.07552	123.66254
-131.07176	123.65675
-135.91258	68.68986
-83.68809	238.36101
-97.55237	-105.97640
-135.07837	65.44747
-125.25193	144.52615
-134.45373	62.26572
-134.44009	62.29250
-130.40823	117.13963
-133.80217	44.02029
-126.73673	-12.33663
-39.05454	282.75436
-82.91433	237.85013
-100.76045	-93.13918
-100.74242	-93.17849
-100.71632	-93.21506
-123.41133	-18.45876
-130.85554	35.05266
-130.50802	94.41752
-131.46412	66.43588
-77.81457	242.84422
-122.75203	-14.32512
-104.35041	194.91374
-126.50346	111.54002
-66.28869	-155.38119
-72.54080	-144.56364
-124.10471	121.56987
-78.14681	239.91821
-59.34796	262.51707
-121.55630	-1.64394
-88.57750	221.63689
-88.57547	221.63955
-119.78860	-4.69574
-119.75217	-4.81348
-123.96164	95.90328
-104.55216	-65.66406
-124.22828	52.54104
-53.92488	-169.82839
-110.80663	-39.23312
-110.76732	-39.23672
-110.74552	-39.23567
-123.21243	73.11743
-85.36283	221.79320
-85.35691	221.78658
-55.29921	263.44091
-117.06659	124.33471
-115.47785	131.01751
-115.46244	131.05415
-115.44233	131.09616
-82.63448	-114.74894
-105.37013	172.41263
-105.33532	172.41577
-97.73381	192.84740
-57.37071	260.47168
-119.46758	42.15159
-115.53294	9.06741
-114.02552	2.70834
-86.74867	-99.46966
-106.23238	-34.34339
-97.54848	186.73783
-92.43229	199.71656
-116.20797	44.05631
-109.63768	134.16694
-109.39706	-7.50689
-92.63605	-76.87886
-41.47174	274.84686
-41.46616	274.85078
-113.25396	33.02636
-114.15770	77.91919
-89.02874	201.87293
-104.21648	-25.17268
-111.77688	86.43834
-111.76357	86.44631
-53.18850	260.46933
-91.55112	190.64714
-110.37784	96.12139
-98.98010	165.03333
-88.91551	196.23631
-88.89916	196.23157
-42.54770	271.66540
-109.18489	37.78702
-77.78483	218.85180
-87.29621	-76.85686
-87.26031	-76.83984
-97.10947	-39.19455
-107.41129	94.65510
-103.40230	1.32492
-62.37578	-136.86034
-87.10023	-68.92926
-87.08567	-68.91314
-105.14159	44.01981
-65.29486	-129.14450
-101.70798	5.55487
-101.69696	5.55666
-97.69119	-17.26292
-101.21363	111.73175
-102.52429	90.65167
-101.95766	98.86535
-101.38737	101.60277
-99.86575	14.27262
-101.41748	96.24781
-87.75113	176.69907
-87.72746	176.76349
-101.37775	44.29949
-101.59463	83.21392
-100.18804	40.44711
-100.18551	40.40971
-100.18206	40.48299
-99.03964	97.12177
-49.48230	257.25074
-95.54511	129.19216
-99.18662	88.90956
-79.32848	-76.17538
-91.90236	-15.40718
-94.86341	7.96693
-96.94966	99.36328
-86.61111	-41.67695
-60.91452	-126.92826
-88.08448	-32.71862
-88.58750	-28.31127
-95.16535	55.09032
-93.23163	30.10407
-88.04488	-11.53603
-85.07741	157.64255
-82.26725	166.84835
-72.35485	-80.17392
-90.27007	107.91530
-78.31648	-54.37643
-90.87641	41.53071
-89.65913	26.69032
-19.20507	289.05849
-90.72863	54.10719
-40.81238	263.21273
-72.49054	-73.97744
-66.41919	212.76124
-82.29402	151.69479
-84.20577	138.68333
-83.10221	-9.64762
-21.25549	286.20371
-21.24838	286.15268
-36.22543	-170.03991
-83.92700	127.49223
-75.77037	172.58507
-85.28978	27.03847
-86.02592	55.85982
-85.54873	83.37288
-78.59722	153.41714
-78.55471	-14.87421
-78.25124	-16.02885
-57.38242	224.82865
-56.75919	224.96874
-56.39734	225.15361
-58.47015	-102.75549
-59.70069	-98.24807
-55.99908	225.19344
-75.39086	152.29551
-80.92072	91.43365
-15.40506	290.74870
-75.30989	-15.62451
-63.08453	-80.77314
-70.36796	-44.73616
-70.82764	-39.42062
-77.23507	57.22111
-76.05182	83.23629
-73.61149	10.75386
-65.63678	172.39265
-64.76687	171.97866
-71.89528	97.66710
-54.60785	208.90514
-54.60630	208.90566
-40.68234	246.22992
-67.31477	-9.80726
-69.66885	16.81082
-64.83912	149.07229
-69.66963	84.67877
-41.51021	240.57252
-66.40005	129.99324
-66.35379	129.96752
-68.84010	47.30589
-66.31988	129.95687
-68.82926	47.30365
-56.31733	-61.63464
-63.55627	-7.88845
-65.61862	24.35355
-50.44740	207.93078
-64.54119	15.56812
-64.53927	15.57856
-64.52861	15.61850
-64.51775	15.65670
-64.51429	15.66511
-51.43536	-79.80664
-51.37638	-79.77902
-51.33007	-79.75192
-54.58393	186.50081
-62.88740	31.43528
-53.85079	180.10724
-57.45391	157.01460
-48.48699	203.24865
-49.39878	196.68701
-61.19503	94.05279
-61.19083	94.05882
-60.95961	57.53672
-53.90709	168.88741
-60.46386	40.64042
-49.01229	-67.75342
-57.16603	125.37485
-48.94207	186.24572
-41.61103	215.42148
-41.60988	215.42045
-55.50874	111.34510
-45.56510	-69.49399
-45.56217	-69.46633
-54.22860	7.95479
-48.14781	-49.46946
-48.06083	-49.51930
-24.32267	264.38007
-44.05898	199.83616
-44.05817	199.83445
-47.93226	-49.60379
-54.75866	110.03129
-55.08094	71.28502
-40.79147	211.66741
-52.52001	124.76731
-45.03922	187.92692
-33.76711	-123.13395
-39.80937	-91.34316
-36.31925	224.56347
-45.76128	177.05273
-45.91949	-44.61435
-45.40023	177.20720
-19.97033	270.83635
-52.28663	62.17374
-42.37699	-66.90491
-47.26230	-16.64969
-47.55322	146.66968
-47.55257	146.66731
-40.12642	-73.24484
-42.28822	-55.07885
-48.74706	77.56382
-48.74359	77.56282
-46.69848	128.12322
-41.87806	172.36393
-43.52109	156.02881
-47.31137	66.85212
-45.99922	112.68097
-35.81477	206.00205
-45.87038	89.80771
-34.25176	211.14845
-45.83923	89.98431
-44.11212	107.84268
-44.10590	107.85031
-30.72589	223.61968
-44.19909	98.74902
-18.20874	267.29226
-43.90277	45.95796
-40.05488	-15.59720
-39.74346	-14.17490
-23.03508	248.98981
-23.02706	248.99236
-34.25833	193.43490
-27.00726	229.87359
-30.69949	209.29791
-39.19938	11.45323
-39.15363	11.44915
-39.50715	95.69171
-17.43802	262.99897
-11.00688	-190.66390
-37.91938	113.09340
-31.34149	185.91392
-6.60131	-206.47299
-29.97737	-60.06458
-31.46279	-34.81501
-29.96285	-46.49857
-23.99546	218.87958
-23.99308	218.88154
-23.98860	218.88182
-30.96020	154.54003
-18.99481	-135.92063
-9.62046	280.69619
-33.22135	72.10954
-27.25266	-16.58114
-29.15725	98.15428
-29.15725	98.15441
-28.85144	40.48266
-27.55584	4.56254
-27.88321	98.87970
-18.40341	229.88149
-18.40146	229.87780
-27.28964	118.14469
-18.31222	229.82958
-27.20172	28.66935
-25.74699	40.66229
-23.09295	161.55386
-23.08452	161.55728
-23.07554	161.55807
-23.43730	-13.25645
-23.67881	142.49169
-23.67766	142.49393
-24.51056	99.15600
-24.50932	99.15467
-16.86464	-104.19466
-17.68061	-92.04158
-22.28111	-11.64511
-20.18123	-40.78139
-22.48839	113.22590
-22.48675	113.21951
-21.21472	146.17069
-21.21281	146.16287
-19.70187	-33.38952
-20.76191	5.49159
-21.30285	35.41628
-16.64194	199.17305
-15.96147	-75.21022
-16.68291	187.02626
-16.67759	187.02563
-11.03389	-135.84910
-17.84948	107.64269
-17.84839	107.63813
-7.18894	-169.09505
-14.53794	183.94737
-13.89672	-65.20284
-14.13923	172.81448
-14.13463	172.81369
-15.86583	57.51331
-12.92464	187.78869
-8.37940	-132.70765
-6.40799	-155.09730
-11.77003	172.98122
-13.26493	106.21012
-13.19104	49.82111
-11.55355	109.28654
-11.54849	109.28786
-6.18657	231.73956
-8.17258	176.09721
-7.92563	-51.93940
-5.99680	231.60910
-9.02060	89.87091
-5.31922	-127.33007
-8.07529	12.96710
-7.75607	126.05070
-6.47787	111.31379
-4.82229	192.99871
-4.69746	195.68616
-4.69434	195.68727
-4.66328	195.71852
-4.65085	195.72782
-4.60984	195.77811
-4.60968	195.77645
-4.88303	-34.34925
-3.19773	241.07235
-4.66624	5.04927
-3.41107	-79.40851
-3.14309	216.46128
-3.52814	21.34818
-1.94079	-118.01517
-0.52634	246.35979
-0.69317	176.49063
-0.03291	-199.62208
1.19275	75.75031
1.75840	59.22247
1.91611	167.51313
1.91826	167.51505
1.57368	232.32267
1.57601	232.32333
1.08732	281.86676
3.72701	-14.33375
5.95964	81.66158
5.15498	178.44573
5.30513	-41.08804
7.27982	-44.01893
7.33919	-43.99568
1.71784	291.02123
8.88116	167.23513
8.88585	167.22382
8.91702	167.13521
8.94941	167.04546
9.70316	178.54055
9.71155	178.56787
11.83797	98.37139
11.88932	98.20960
11.93778	98.04669
12.83211	62.05195
12.83376	62.05327
12.65542	27.75719
12.88889	52.82751
3.50401	-192.02131
12.90207	25.45642
13.70636	85.10368
13.70806	85.10190
14.32040	108.16657
16.58319	77.39247
16.66443	77.40545
16.69406	77.39906
16.76066	77.40177
15.01939	181.26017
9.44034	251.28714
7.18392	268.34936
7.34138	268.36641
16.54503	-30.86330
16.55139	-30.84855
18.54686	99.80451
18.54689	99.80457
17.93830	158.34947
20.16974	52.86038
19.40259	131.71420
19.06421	144.47877
8.41729	271.60711
22.33673	110.62962
22.33796	110.63123
10.98837	259.83551
23.20249	134.42536
17.25663	222.92764
22.02989	-43.94678
25.51921	64.09572
23.39279	156.48878
23.39959	156.39510
25.56891	47.28824
26.36392	125.90610
27.15490	98.66341
27.15893	98.65997
28.05168	51.29116
26.65110	145.35005
26.65397	145.34980
26.65707	145.34952
26.69404	145.36183
26.72996	145.37956
26.74143	145.38351
20.77312	-95.06989
28.76345	117.34327
28.26784	154.80868
28.71629	-20.26979
28.77761	-19.85334
24.13658	-86.09520
28.74750	164.03975
27.03476	192.19662
27.04068	192.20516
27.04466	192.21029
33.04359	94.60987
33.18835	98.25026
21.37251	233.06506
33.71226	77.28273
30.17059	-43.91157
30.15935	183.80591
30.16014	183.82194
35.91953	45.76847
36.25220	73.61335
15.94683	264.20561
29.31064	198.12303
29.31344	198.12362
17.10346	-159.11529
32.63475	-53.91688
14.46782	271.87763
38.00107	127.16339
38.00188	127.15841
34.33484	181.56104
35.86068	176.34775
9.61056	286.55616
39.56229	141.29025
35.77597	-53.63779
32.57337	-88.70755
32.57405	-90.16273
36.84913	-57.12778
23.60307	250.61975
34.42198	204.00597
34.45631	203.93895
43.95186	123.76300
39.86978	178.65087
39.91357	178.66569
11.31266	285.44728
29.92914	233.08811
47.35657	49.00557
47.06562	117.88288
39.84341	196.94507
38.21501	-84.03836
38.85843	203.36865
14.47981	281.83054
52.18184	53.77119
53.11692	81.06157
46.24541	182.96784
45.22868	-63.07283
41.84278	-85.42885
35.86490	230.98870
35.86676	230.98629
53.24599	10.75444
55.22372	88.57176
55.38612	88.56987
41.96420	208.89800
41.99807	208.90549
38.08240	226.24814
50.27950	-47.66956
22.24753	-175.36480
54.62448	157.92653
61.60289	71.64756
61.85432	60.12127
61.85439	60.12143
62.50562	91.00582
53.10770	183.63391
25.94303	269.46610
45.67724	222.30608
65.20810	102.85995
53.47143	-69.75475
62.67479	-13.72989
42.08248	236.31932
60.61173	163.83029
51.32399	-86.93522
60.94368	-42.05116
59.00746	-55.66204
68.34892	19.19768
64.82861	-18.16667
68.38156	19.17410
68.28659	120.83472
68.99792	118.13168
69.00437	118.12045
42.76414	239.77763
29.89985	266.39944
63.92621	-45.73516
59.51459	-74.91938
67.74627	-32.71845
73.89634	115.87459
73.89906	115.86537
73.90282	115.85585
75.75758	55.27658
75.75847	55.28458
61.35855	-71.85871
61.34378	-71.93582
63.18192	188.14517
63.18362	188.14624
32.39981	267.67160
78.42690	45.48489
53.97842	224.92222
77.12633	17.00723
25.72810	278.31164
75.66445	148.62519
79.36832	118.84885
53.62589	-118.33483
73.75513	-34.14339
75.75913	-22.07378
82.13882	46.46352
59.64692	-100.29815
82.00611	31.06758
83.05710	98.14053
72.80503	175.94288
80.65738	132.12647
74.27341	172.15607
84.93654	85.22126
74.56521	171.83068
74.59418	171.84476
74.60997	171.85368
74.61867	171.85661
66.01673	-86.85293
84.38305	115.52327
86.46437	59.70408
86.46651	59.70635
77.13852	165.77294
77.14736	165.77149
73.56118	181.58269
72.14208	189.38304
72.14882	189.37074
80.18685	-25.52572
87.68384	41.38354
87.68734	41.38978
75.79373	180.91545
75.80027	180.91379
75.80564	180.91324
75.80681	180.91215
84.68734	145.47612
84.69756	145.48033
86.19811	138.27709
90.89251	39.72644
64.40072	-107.16066
92.21495	90.82896
91.70798	29.87081
92.31972	38.03939
83.71164	-36.99354
93.13438	96.64159
90.60476	126.67780
93.31297	28.14510
96.17827	66.74946
96.18186	66.74851
61.51085	-123.41696
97.38893	64.71952
95.29336	112.91326
77.67822	-78.36592
79.81480	-71.87437
96.02418	115.08958
79.84899	-71.86259
89.32601	159.53613
98.34812	89.55893
98.44963	89.65416
97.95743	109.80325
100.95504	81.52313
101.09167	48.34788
76.02486	210.14963
96.96812	-3.24256
97.80800	1.77344
52.94797	253.86834
83.01113	194.88916
103.13742	33.40971
96.89130	-20.97396
101.98622	118.29721
80.20960	206.22426
98.88421	-12.76825
86.82859	189.53768
98.10412	147.65080
98.10744	147.64863
105.55016	45.72157
88.18712	188.05999
100.08793	-13.28307
31.87830	-190.93950
64.69407	240.80545
107.59946	51.06675
73.25412	226.35711
43.34888	-174.47354
104.41523	-1.00472
91.40202	-63.70335
91.40028	-63.73621
58.03539	252.60483
58.04734	252.60425
108.20098	106.73528
109.72118	87.58447
69.86031	235.17386
110.53508	50.59470
96.09731	-52.27011
108.04550	5.93839
108.99009	121.20818
89.44607	198.33808
104.96357	147.22701
99.66046	169.93900
99.72086	170.02932
111.34222	112.74331
51.74048	263.29780
111.34712	112.75597
51.76838	263.28350
111.37942	112.80723
104.93858	152.11962
104.97586	152.11324
104.99756	152.10370
105.00349	152.10121
105.00573	152.10001
76.64848	-117.13642
86.45258	208.49800
102.62803	-39.27476
96.49588	-63.35165
95.08211	-68.43415
114.76126	41.69138
90.41043	-84.06385
87.02039	-93.77580
112.83229	3.81750
112.91342	3.78592
117.19055	89.35828
117.99342	43.93771
95.92132	-76.23869
38.93568	-188.09761
27.21929	288.45125
91.40456	207.90807
97.66919	-75.81842
105.25013	173.17488
102.75026	180.77556
105.32758	173.06528
113.11979	144.38261
98.46607	-75.00354
45.14513	-180.49592
84.50766	223.62299
78.17221	234.56016
78.17207	234.56041
113.02028	151.51102
118.17878	134.59180
119.16516	129.56496
119.17553	129.53768
113.77828	-33.40004
121.80702	10.69171
88.17243	220.82898
117.09389	144.12257
80.73551	233.48710
80.84262	233.46800
49.73882	271.25838
49.78239	271.26442
100.81685	196.86873
116.36678	151.67409
123.64152	6.79619
128.57380	58.61827
127.56271	28.48822
127.56438	28.48942
120.83438	144.79828
114.65122	-48.35950
130.92035	57.81597
72.24447	249.69384
126.83668	120.43117
108.70571	-73.99225
109.19740	190.30955
102.64699	-95.01424
82.54074	-135.29671
132.61582	114.18409
135.79872	88.51190
124.38600	156.60246
101.59155	-100.92881
136.89248	38.87760
136.89428	38.87708
135.74847	103.54837
97.54681	220.52923
129.58791	-19.11763
124.07805	161.95745
139.69328	54.78380
139.71454	54.79274
139.82477	54.94901
97.52944	-114.35859
136.27703	5.60147
136.30312	5.48480
140.76526	62.35012
137.56597	111.64379
138.10698	16.28101
137.61408	111.65246
141.09999	62.37553
141.16118	62.36515
141.26472	62.35214
141.41965	62.34916
141.89528	75.07464
128.44462	158.29121
128.44596	158.28746
111.40434	-88.12145
134.12017	139.90122
105.92084	-104.61438
121.08126	185.54371
121.08343	185.54389
59.90094	-176.28985
145.45366	53.51288
141.32047	116.26456
141.32475	116.26547
144.85396	86.60613
144.85702	86.56901
144.86166	86.62360
144.86442	86.63344
145.71919	86.70390
146.52359	75.11527
129.01055	-51.98128
130.45815	167.62448
144.34654	112.62548
144.35642	112.59721
144.35426	112.61196
135.55347	-34.99930
148.57688	47.75689
148.58262	47.76315
148.21418	84.30698
148.25301	84.29905
148.28426	84.29880
148.45930	84.55514
148.51302	84.29724
148.85423	81.85527
148.85561	81.84066
148.86104	81.85393
149.27872	84.05931
149.33430	83.97389
149.43576	84.27916
149.43953	84.28147
149.62002	83.93197
149.57983	84.55316
149.60313	84.25479
149.62423	84.29841
149.82397	31.48361
149.82848	31.48536
75.75630	258.67742
153.07401	46.98909
149.25137	115.39887
149.29497	115.41050
149.34760	115.42135
136.41233	-49.28522
136.40783	-49.33688
113.56294	-104.76191
152.45612	98.40268
49.18081	-192.65947
152.00304	1.72331
147.46231	-22.81231
103.13377	233.05296
144.80335	153.79899
156.81864	21.34976
145.74607	-37.06735
158.02273	97.23739
158.21728	97.17167
135.99978	181.41855
119.75706	-105.65823
96.11962	-143.51609
143.08713	-53.72393
123.54767	207.74997
14.99960	-221.21932
150.51623	-33.91168
121.56371	-105.74113
121.57038	-105.75592
149.17938	156.49296
123.75308	-103.25914
152.07250	-33.54877
123.01216	212.78895
166.07584	69.50267
123.02597	212.79025
110.30104	230.89607
167.00088	46.41886
167.00509	46.41346
161.73095	-1.16987
165.72763	93.82128
165.73882	93.82854
158.28381	136.32995
158.28947	136.32753
161.29253	-8.88174
161.33093	-8.90523
161.34080	-8.88682
161.37054	-8.86764
167.82059	79.12256
143.73671	-67.22621
161.08400	128.24029
166.67853	15.23825
166.68036	15.23306
132.29888	202.81461
132.30545	202.81511
139.01969	-82.49464
143.80145	-71.70352
143.81050	-71.70418
141.90689	-77.10001
167.70541	6.25903
154.95536	-48.15515
146.97244	179.34165
37.72910	291.10048
142.92090	-79.56813
122.10012	-119.84756
40.88929	-206.13795
144.65401	-81.80484
113.72772	-134.84273
176.55500	67.60263
178.42372	59.08686
92.18755	257.47707
23.35632	-218.08388
173.32374	-1.96699
178.92503	33.18483
164.46662	152.33726
164.46877	152.33192
170.36081	134.92072
170.40911	134.90663
163.48994	-47.27170
88.02059	262.66213
124.28522	227.38016
81.27870	267.78500
81.48036	267.73586
178.84496	110.15841
169.56836	-36.36583
149.68463	-87.39944
184.64284	59.09955
176.79966	-13.12011
173.53905	142.38651
185.91994	29.08474
135.03520	217.95089
135.04212	217.96004
184.57220	98.46290
133.20071	-121.15871
155.45618	187.83272
187.82839	73.61472
178.85263	131.75908
176.18007	142.40445
131.55290	-125.26347
189.56389	43.27760
174.34703	149.14269
174.35705	149.15741
136.64554	-120.14572
168.35275	167.81690
91.84597	-172.76275
175.59870	150.29817
186.34734	114.48924
176.48813	150.09761
191.23037	22.92877
193.50949	71.67482
150.91087	203.57749
150.86385	203.69733
175.98297	-49.91413
186.25567	125.30516
180.62670	145.06805
170.60567	-65.32944
145.03688	213.28409
159.56424	-90.10471
171.43543	-65.71276
196.28752	37.28221
196.30643	37.27874
196.32468	37.27333
160.30599	-90.27943
190.70104	-8.69215
190.97389	-8.91098
160.03654	-93.50916
160.33782	-94.07523
160.35233	-94.13434
167.84306	-80.34560
185.11699	-39.32566
190.76829	-20.13038
196.30554	4.07266
172.78213	175.13312
172.78505	175.12782
172.78837	175.12389
172.78692	175.12695
149.81963	-116.36046
140.55338	225.46794
140.56217	225.47038
121.29422	245.50521
203.79830	47.19681
203.79901	47.19760
203.35406	35.19769
156.96283	-108.01702
203.53601	82.09399
169.07841	-88.84161
152.86430	212.93398
168.96167	189.33301
204.40365	23.36849
204.40543	23.36803
172.07565	-84.25320
157.32669	-110.07160
100.40310	-174.89575
201.25649	-4.12113
201.25870	-4.11966
182.58090	-64.19618
206.43904	74.41200
206.43921	74.41234
194.50824	137.04625
197.16698	129.59166
203.56236	104.17517
144.34955	225.89189
202.99313	108.51080
155.92903	-115.62858
187.79712	-56.90352
110.39541	257.82359
199.18141	-24.50214
205.76613	3.36702
206.01197	3.36040
198.11827	-30.82456
206.38845	3.48877
181.50548	-74.31424
193.17925	147.85437
210.31802	35.48777
131.57456	240.74970
210.56123	69.02036
131.61519	240.73181
209.77661	88.93462
213.05878	28.79506
202.20835	-29.55695
209.48817	100.73037
197.90290	-43.11002
213.56223	27.42385
154.29964	-126.29410
121.73512	252.42373
207.73422	-21.33760
207.80944	-21.47110
184.21914	-82.79719
169.18894	-108.93687
117.21360	257.00225
117.20901	257.00571
215.07922	4.83489
109.37354	262.81400
182.65424	-88.70313
219.31459	39.68939
168.69813	-112.71669
217.66799	11.73582
197.87037	157.98140
218.51876	14.82996
218.52463	14.82678
213.15768	117.35306
219.49561	92.21236
213.37988	120.54031
219.57315	92.29649
156.85570	-132.70839
195.54616	167.85214
195.54656	167.85257
158.30252	222.87200
90.89227	-192.43351
219.52853	-7.63934
220.58027	-3.10215
225.51021	58.03094
225.51239	58.02803
198.30718	-71.61312
186.81155	-94.05121
225.77353	74.33890
202.49590	160.05183
174.14964	-115.55821
174.17278	-115.55769
203.59433	-64.05668
227.11918	63.72323
227.17989	63.85813
227.18379	63.83859
227.70726	49.03901
227.70744	49.04425
177.96315	202.39056
177.98027	202.42519
224.32028	3.79777
204.53872	-63.12797
204.54666	-63.11948
171.48987	-120.98085
213.50158	-43.04890
229.13713	45.74628
155.07659	230.80962
69.76721	287.44430
208.95341	-56.64159
208.95831	-56.63190
216.88192	129.57363
216.90200	129.51570
173.23417	-120.11546
141.91986	-155.62851
190.81895	186.73524
190.82016	186.73699
196.77974	-86.58358
226.73355	99.00258
226.73723	98.99597
229.49305	83.02204
212.91249	-53.38967
173.28354	-123.85696
173.27790	-123.88715
173.27238	-123.91692
144.40351	-156.04847
59.34768	-212.10642
227.65959	100.50519
193.01371	-96.34435
224.23955	117.11368
214.74368	-52.95620
223.46580	-30.93971
231.94813	86.40795
165.38174	-136.52350
199.16140	-89.40184
233.10839	11.38486
233.32850	82.22839
159.78904	230.87376
236.35781	46.74416
236.42691	46.76293
236.44573	46.70344
141.82196	-162.00600
218.56870	-55.64087
239.21352	42.12976
150.28957	-157.20307
71.40454	289.07372
127.13517	260.55782
240.48784	29.10899
240.48907	29.11131
133.35534	256.86474
223.77275	-53.94290
208.91075	174.44781
208.91318	174.44389
207.98810	-90.57024
172.00910	225.39866
172.00974	225.40198
67.16081	291.56619
218.39359	159.76350
177.02003	220.44775
246.15426	55.15437
232.08598	131.96747
243.75618	88.53975
68.45606	291.62291
229.56603	-54.59660
158.22408	-158.12220
246.80151	13.07171
242.60812	99.67331
131.74251	261.26972
59.75072	-216.93953
236.52173	-43.76263
105.28667	277.53592
196.34069	-120.71246
182.88335	219.75965
227.76379	-68.74338
249.35582	81.25870
189.70462	-129.42865
249.36235	81.44393
186.66003	-133.06130
189.66439	-129.50092
189.64472	-129.55673
180.04859	-140.58230
247.63658	-8.45620
247.64678	-8.40793
247.65574	-8.36355
189.24415	-130.58268
246.61125	-13.90652
241.06775	-36.74072
241.06542	-36.76062
250.36654	81.41804
246.90486	-17.07291
192.18175	-128.67828
254.69865	27.36422
95.63011	283.06084
190.70465	-132.25282
234.95036	-60.13956
184.92345	-140.62173
160.63513	244.15190
177.10403	-149.32551
254.18334	-3.27071
149.06603	253.98311
258.18869	53.56652
245.67100	122.85161
245.73508	122.71322
245.73763	122.70768
245.73397	122.75415
245.78116	122.62638
248.99236	-32.86804
224.21900	172.13127
238.58221	-63.84106
259.30800	10.61879
259.31481	10.61478
197.47414	211.91889
101.49721	282.59533
101.52669	282.58742
255.67044	-19.40687
255.67044	-19.41057
262.51090	40.31120
262.51337	40.31048
262.54123	40.33104
262.57871	40.35952
211.47735	-117.15152
261.81481	10.86657
253.00193	-34.42062
250.62423	122.71246
254.09392	111.52383
192.39957	-143.64191
263.72680	4.70637
265.99697	35.12476
266.00209	35.13647
266.00236	35.12355
261.58717	87.74334
244.00251	-67.31852
228.88027	-96.93618
261.78599	95.47441
220.02491	-113.15358
94.39059	287.30564
189.18735	226.90819
268.25845	22.51217
189.21976	226.92254
268.26665	22.47524
217.80679	-117.90585
269.10679	37.01341
223.60473	-110.49215
262.95921	-20.76441
270.00142	51.43829
270.00150	51.43794
177.10860	239.26589
177.09956	239.28451
243.29349	-79.93381
270.48353	14.97708
253.50549	-59.77341
266.93394	90.97162
234.75461	173.87682
183.26273	-162.10358
241.43659	164.94196
263.76256	112.02321
263.85335	112.13861
263.91272	112.10922
263.95810	112.00506
221.96912	-121.81599
274.54535	15.86142
273.63549	70.14435
274.58370	61.84509
211.32097	-136.60803
274.88873	4.73150
175.36407	244.96131
175.36769	244.95849
276.98114	62.01172
247.04244	160.92143
247.24830	161.07006
247.42817	161.18518
248.60461	159.17036
247.39722	161.63428
247.81769	160.95459
248.50728	159.83527
248.14434	160.54321
278.17756	64.45480
248.59405	160.31056
248.89155	159.83858
248.94457	159.74853
278.31457	66.47919
248.57711	160.64563
152.62235	263.05327
249.17141	159.76323
248.74721	160.73418
248.88997	160.53646
156.31565	260.88954
267.67151	-47.51657
270.21945	-41.25226
213.49877	-142.24722
262.10038	-65.77695
134.64914	274.48891
69.91174	-224.53721
280.42735	-4.05979
276.89322	95.27819
276.89161	95.31043
266.21021	-62.15133
207.28823	221.70716
207.28740	221.70928
219.52127	-139.42147
261.16118	143.54346
261.16609	143.53988
261.16737	143.53905
283.55231	5.16278
277.37002	97.81199
146.10013	269.35627
285.28526	18.53055
29.28644	-230.20905
271.22883	120.81371
279.88273	90.84771
279.90747	90.81878
280.21619	90.91604
280.22056	90.89854
280.35809	90.91401
280.39254	90.89935
286.44127	54.86209
235.61325	-123.95096
281.91974	89.08804
42.97210	-229.82331
282.42897	90.33958
278.75807	-39.69073
230.42913	199.85978
230.42825	199.86544
230.41738	199.89499
230.43704	199.88405
44.79765	-229.87432
105.89710	289.27633
105.94403	289.27675
289.57589	24.80363
289.57624	24.80639
286.25233	-10.48618
132.99979	278.21658
132.99644	278.22138
251.10077	-106.29426
287.99702	70.67753
286.87386	-14.14599
261.01040	156.80285
289.97156	-2.34137
53.81496	302.72526
53.81106	302.73039
290.05528	-2.43323
290.09234	-2.47046
290.09540	-2.47282
290.79028	-6.55239
289.62107	-14.54648
262.71626	-92.83055
233.42744	-136.50736
278.47996	-57.74376
278.48544	-57.81102
278.50969	-57.88239
278.53550	-57.98845
290.66023	-11.19299
290.53593	-13.44020
109.65495	-219.52321
295.48193	38.76793
279.30913	123.20007
57.06488	302.88691
131.56981	281.34056
131.54919	281.36992
280.70372	-59.37880
265.72773	154.98361
265.74588	154.97927
272.29509	-82.71875
288.01376	100.56716
255.97076	-113.32102
289.07452	98.89449
264.02137	161.34853
297.30206	4.13901
295.00785	74.39218
120.12257	-218.86878
282.72872	123.54394
292.24423	93.50826
282.49693	-66.23369
263.35256	165.73571
263.45851	165.61551
270.61526	152.40655
270.59955	152.44521
270.58527	152.48490
52.47109	-232.18704
300.58320	13.50394
23.33923	-232.27168
22.76807	305.98960
300.32722	52.67417
292.49365	-40.34104
299.45163	62.46297
281.51683	-73.17245
297.77140	74.18390
297.77635	74.17487
297.80105	74.11702
134.60184	282.38543
301.70398	17.58496
252.48595	-125.84623
301.95187	37.07081
163.06628	-203.65287
281.93359	-75.56718
165.23086	-202.91753
282.03324	-77.13319
246.07716	-136.92729
90.17423	-229.13485
292.03584	107.10059
292.03612	107.10826
162.60949	269.29382
304.07715	24.55800
286.66996	123.75367
301.81351	63.25672
248.65348	-135.17658
231.27250	-155.16686
245.06880	198.40041
235.37224	-150.97573
255.98253	-125.87666
297.26948	92.99009
297.28518	92.95122
201.60367	-182.42650
286.20080	128.34170
286.20177	128.34422
286.20033	128.35217
253.12567	189.26542
253.11789	189.27861
253.11806	189.28092
253.12385	189.27380
304.29316	56.41100
304.29626	56.40869
235.50483	211.43757
235.51186	211.43686
303.13054	68.63044
295.10884	104.53856
295.11227	104.53983
305.39488	50.98748
306.71992	20.50807
60.74010	-233.96862
245.44453	-144.00500
307.07127	40.70932
40.50628	306.23344
87.34274	300.18992
304.77110	-20.32258
149.35968	278.77017
172.95872	-204.29854
304.32598	76.25277
260.15180	183.42585
226.85505	224.16844
291.92130	123.52760
291.92934	123.52361
225.23456	226.38582
89.10679	-232.75349
177.71685	264.02980
310.63394	31.39256
150.39739	279.20424
281.50822	-96.95506
302.04373	-43.80173
257.21943	-135.57883
200.92168	-189.74416
175.86124	-205.27049
309.56803	-7.27159
255.99641	192.47582
303.50549	-41.72685
303.50614	-41.72505
311.42935	40.68199
298.49284	-61.25133
115.64190	293.85640
311.30992	-5.08151
256.60769	193.10306
264.89816	181.45271
258.77900	-137.46518
309.79398	68.52691
280.16665	-105.17006
51.38437	-236.11032
313.03858	44.06440
298.07659	116.77839
272.45760	-119.73962
306.80713	-38.54049
310.96825	-18.07704
261.62658	-135.90889
298.73720	-68.44752
292.03532	-85.71102
311.58766	68.32120
265.22763	183.93926
310.74831	-26.20601
312.63823	-16.42450
77.19254	304.02090
246.13918	209.31766
315.35586	-4.62511
315.36403	-4.63163
315.38644	-4.66685
315.40856	-4.70985
315.41866	-4.72292
316.50379	8.09662
302.08216	-66.17302
302.10314	-66.14516
312.20006	-31.66237
314.29032	-20.08946
259.77320	195.08579
317.39701	-2.46943
317.84954	-3.59193
224.65049	235.21430
319.70110	8.36433
318.80283	-6.11255
229.94233	231.00007
229.98402	230.97412
230.01147	230.95786
201.28687	-200.77777
201.22773	-200.86937
286.63482	157.50750
319.67281	50.67769
239.22785	-172.41743
48.36975	-238.66951
214.81228	245.55663
59.75366	307.67776
295.94603	141.90954
295.95428	141.89621
322.69056	26.21108
289.31025	-110.71375
159.91826	280.98867
159.88776	281.01021
159.88632	281.01318
315.64540	-42.86743
257.06142	-156.77100
257.05940	-156.88631
266.74164	192.00033
257.05508	-157.00526
230.69340	-182.98140
237.67377	226.77612
237.27221	-178.66024
323.46870	44.22818
219.07455	-194.29204
324.59290	4.05256
200.60440	-207.12342
319.41047	-38.62793
319.41855	-38.60364
236.11627	229.72582
296.98661	145.87298
323.22703	59.96004
204.47899	-205.50482
317.43805	-49.54484
262.84860	-155.55245
325.53760	-0.54229
258.10710	-161.53051
245.74689	-174.36427
205.03131	-205.87715
304.71214	-89.02261
256.67957	-163.44660
256.62506	-163.54845
256.57447	-163.64898
303.52825	133.27945
249.91927	-170.69182
212.36827	-201.54385
230.13475	-188.61675
208.32479	-204.37115
320.67058	-40.61814
208.11035	-204.57319
206.95124	-205.47628
255.99230	-165.35605
206.78013	-205.74123
206.62650	-205.84767
315.01356	-63.68116
320.27443	-44.33985
112.98818	300.67615
208.51692	-205.80301
317.83591	-57.32672
215.02131	-201.66082
323.95480	-31.14951
201.36031	-210.54094
210.67588	-205.08268
203.24145	-209.83881
203.24875	-209.87642
318.01017	98.71900
322.57881	-43.17983
211.56056	-205.31207
316.46069	-66.77510
318.12424	-61.44907
290.59669	-124.06970
204.47164	-210.05503
309.29001	-86.93687
216.42476	-202.60565
320.60723	-53.14651
320.63949	-53.18722
320.65648	-53.20333
216.63192	-202.58990
328.58914	-8.64380
320.69182	-53.25903
320.38605	-54.60605
216.74843	-202.62874
326.38975	-26.77675
216.94670	-202.56189
261.61051	-163.75752
215.77246	-203.43817
329.80253	30.70256
324.45414	75.21376
210.32465	-207.02940
209.06828	-207.83503
209.11353	-207.84580
328.29580	-15.17119
245.00124	-181.66662
330.07567	-3.55019
216.11831	-204.39588
287.66697	171.67133
216.18477	-204.53059
97.30698	-244.09766
329.60672	-13.47632
212.03627	255.10164
319.12316	-65.52007
319.06607	-65.74129
319.08084	-65.72096
222.83745	-200.76031
222.75034	-200.82597
231.95153	239.16377
330.42476	-10.82498
37.17314	-240.17759
221.86892	-201.85797
214.09134	-207.12378
214.09304	-207.14034
64.52584	309.70145
98.97897	-244.96176
329.79314	57.80802
218.15001	-205.60005
83.93571	308.14361
196.75888	266.75061
297.78919	157.30431
297.81395	157.28697
318.12583	-74.85128
212.83136	-209.88880
212.73047	-210.02230
212.37641	-210.32671
261.30006	-170.25794
265.40995	-166.05452
330.34653	61.86623
225.79235	-201.91731
51.26962	310.51713
220.03705	-206.02436
219.97732	-206.11184
269.22375	-162.39425
269.24760	-162.42846
269.27042	-162.41725
269.16086	-162.54885
273.73313	196.44354
216.29036	254.16196
216.29901	254.15981
216.30873	254.15626
223.12791	-204.41535
224.34951	-203.67498
327.13067	83.84344
333.77551	-9.86272
296.19247	-126.95318
226.50217	-203.39190
231.09269	-200.08438
226.66562	-203.32084
333.08622	-21.57747
333.55048	51.36302
335.57544	5.90837
307.00251	-109.14684
310.20119	-102.69559
334.06588	-17.41374
275.18438	197.69107
335.45052	41.65829
311.78342	-101.25946
334.91679	-15.97977
129.16433	-245.33331
322.46330	107.14886
231.50403	-202.24756
332.34896	-35.60197
233.25690	-202.44378
233.27643	-202.46666
233.38732	-202.41652
233.25847	-202.56027
204.37128	265.66738
335.04863	59.56685
110.39169	-249.01055
333.91665	67.51878
163.86401	288.53092
163.88032	288.52490
149.60658	294.44677
240.75929	-198.85646
240.67847	-198.96474
240.65162	-199.03149
321.76613	-84.81724
241.07831	-198.87550
240.34230	-199.52730
147.37891	-244.51242
240.62898	-199.35730
241.21360	-198.99198
241.39461	-198.85732
241.15645	-199.05699
241.07891	-199.19974
241.27506	-199.04890
241.25818	-199.06264
239.91406	-200.14083
241.12012	-199.18376
239.70384	-200.35492
239.41314	-200.58879
239.87397	-200.25116
312.21295	-109.19176
239.13021	-201.20642
239.28833	-201.09521
240.78193	-199.92156
238.66415	-201.59146
336.59037	58.86543
239.44742	-201.02179
240.07212	-200.53930
239.80116	-200.78173
239.95326	-200.67622
240.41927	-200.31628
240.62862	-200.15922
240.24531	-200.47315
240.83703	-200.00997
241.61687	-199.43832
241.01415	-199.92476
241.74474	-199.34967
241.59285	-199.54062
241.76234	-199.40825
242.40449	-198.90294
241.01870	-200.04518
240.88038	-200.25825
239.04053	-201.75336
238.87877	-201.89943
240.95285	-200.28180
238.65135	-202.09076
238.42643	-202.29534
239.35287	-201.57641
239.47186	-201.50030
240.63282	-200.59348
240.81149	-200.46625
238.26268	-202.46558
326.25331	105.24338
240.48628	-200.76059
240.34179	-200.90242
239.19894	-201.84321
239.94693	-201.26062
238.73700	-202.22883
242.42314	-199.32864
239.40538	-201.74723
240.31639	-201.04104
238.86860	-202.19363
239.26278	-201.88842
240.44161	-200.96632
239.02198	-202.09105
241.77149	-200.02144
240.42543	-201.09336
241.69825	-200.08521
239.70759	-201.69783
239.87095	-201.57518
335.96993	66.12744
241.40660	-200.39564
241.22133	-200.54811
239.75932	-201.73520
276.23595	-166.56805
242.06323	-199.93496
239.61386	-201.88620
276.33339	-166.47994
242.31287	-199.79907
242.13607	-199.94478
243.20349	-199.08401
238.17457	-203.06117
242.73984	-199.48653
242.34489	-199.82476
238.23221	-203.10283
239.07670	-202.61478
238.58558	-203.01924
241.23078	-200.97449
241.66980	-200.64259
239.06139	-202.76448
239.52137	-202.41980
242.26445	-200.25627
242.03719	-200.47413
243.12256	-199.60650
160.30969	291.40283
340.54755	0.79908
242.25064	-200.41516
241.64705	-201.00618
101.15953	308.81103
243.47168	-199.70421
242.16056	-200.82252
241.91091	-201.03313
242.00031	-200.96381
241.50261	-201.59466
310.57284	-117.37357
336.02395	-44.39403
92.08509	-252.16271
341.82756	0.79204
253.20480	-193.42993
335.20882	-50.98464
202.16439	-228.63956
264.20365	-183.46158
203.06145	-228.40740
319.76959	129.71448
319.77761	129.72176
197.12241	274.54568
253.86616	-195.07331
253.76044	-195.18099
344.30430	26.98267
286.39868	-162.55728
286.41760	-162.53993
280.35161	-170.07833
110.70732	-254.82852
213.31953	-226.61336
256.79484	-195.90322
54.28897	313.64623
259.63574	-193.38338
222.21979	259.53308
345.29223	29.02181
262.79253	-191.30457
192.14238	-238.60015
329.12078	-87.77789
329.12699	-87.76448
265.25532	-189.40253
265.22738	-189.46380
241.20890	-210.41749
281.33885	-172.44287
254.94793	-199.44991
254.92062	-199.48578
336.02226	-67.73272
346.50097	-2.05046
346.89873	5.74187
314.10912	-125.70059
93.49277	312.99152
98.48611	312.37618
344.94995	-30.87285
221.30161	262.44859
342.59238	69.02021
277.82076	-180.20359
270.71813	-187.85836
270.75898	-187.86661
269.74933	-189.10591
269.84138	-189.01325
269.72747	-189.20296
76.20832	314.88207
272.76051	-187.39135
272.89527	-187.26161
272.87458	-187.37045
272.74772	-187.50765
275.93691	-184.31495
326.42449	129.03661
317.49367	-125.06895
251.15543	239.62797
344.19980	-47.49943
279.88173	-181.43821
278.09119	-183.54211
278.03605	-183.66539
343.46799	74.86991
282.54805	-178.72701
335.98505	-82.26607
281.85935	-180.72210
300.82562	-157.26352
300.74405	-157.39217
135.68395	-260.58770
302.84295	-154.60737
288.39097	-174.77855
328.93031	-106.38088
89.37143	-260.82338
283.61163	-181.45664
283.82102	-181.23114
283.48757	-181.64572
283.71431	-181.41743
187.47647	-249.58443
289.73448	199.27141
290.64277	-173.32675
245.39184	-217.84934
322.99136	-121.31646
339.04095	100.67448
291.84558	196.67903
268.65921	225.03938
330.72804	-104.76912
87.72327	-261.50155
348.82205	58.91827
307.71071	-150.29238
236.14220	-225.88147
297.15700	-166.88885
341.22749	-76.43129
167.09167	297.52115
161.63139	299.81853
70.25440	317.09925
74.98620	-260.06318
70.27971	317.10445
212.93335	-240.61355
212.90743	-240.65575
293.94700	-171.95385
108.02212	-264.52163
294.16373	-172.14018
335.32166	-96.86215
296.75136	-169.46720
346.43569	-60.08109
342.62819	-75.53607
298.48744	-167.72177
302.21410	-163.59677
214.02988	274.17875
195.86706	-251.73209
320.26780	155.21987
131.34480	311.07053
331.92229	-111.04905
261.54836	-211.38515
202.20054	-249.88079
322.73649	151.21916
302.56888	-166.21651
259.25122	-214.28268
114.54342	315.10425
220.52586	271.11123
220.47102	271.15003
220.42452	271.18272
311.71801	-152.56011
179.01215	-259.25116
314.67422	-147.86257
309.53511	176.22067
312.41504	-151.82193
307.36056	-159.80329
310.00384	-155.82971
355.02258	38.53295
310.04795	-155.87185
309.95243	-156.02315
304.39853	184.77393
314.12382	-149.45235
304.32577	184.91331
304.28780	185.00045
314.41032	-149.24644
313.54865	-150.78696
355.93018	31.72700
314.88351	-149.02599
314.78746	-149.20627
349.96332	75.28317
350.34912	73.48599
350.43502	73.11277
313.85679	-151.28355
313.26614	-152.28666
58.18375	-259.24931
357.20687	14.79414
317.92780	-144.82637
318.08884	-144.55278
317.79483	-145.12190
160.80527	-265.75948
317.29415	-146.35356
316.03757	-148.56657
315.85148	-148.95544
315.89928	-148.88980
315.90617	-148.87912
320.58887	-140.59336
354.88392	49.26756
354.84549	49.57796
354.86429	49.44082
340.25159	113.89988
321.48989	-141.25507
332.47343	-118.84618
332.46857	-119.11543
40.94125	316.80954
40.97030	316.84853
40.99034	316.88419
310.74521	-160.61546
137.80092	-271.60957
326.66399	-132.88107
325.93911	-134.52040
326.10322	-134.20050
333.51076	-118.44642
325.47159	-135.82736
228.32467	268.77092
170.42347	-266.98143
170.40603	-266.99449
261.52431	241.16906
287.60151	212.62610
358.24478	-22.90968
329.60623	-129.07115
329.42935	-129.47832
329.36839	-129.61088
329.46780	-129.44001
328.40347	-131.82340
328.41820	-131.82535
328.43426	-131.84283
330.06026	-128.89074
331.56456	-125.88231
331.90346	-125.24598
331.94667	-125.30055
331.88090	-125.44721
331.82395	-125.59534
303.46351	192.39819
335.15742	-119.44182
335.05596	-119.69906
335.16581	-119.46495
335.19537	-119.46150
332.99536	-124.94064
337.93431	-113.80580
181.28648	-268.61245
341.76391	-106.38678
341.78622	-106.35025
341.80858	-106.29462
341.78841	-106.38319
341.76570	-106.45113
341.92024	-108.53991
357.88807	-48.98081
357.90076	-48.92223
345.11058	-99.88482
205.21733	-261.86167
347.56099	-93.99971
151.74848	311.89627
363.22290	1.20196
139.76544	315.64888
67.42119	-269.35646
341.17356	-114.44208
350.32230	-87.98017
341.22692	-115.15284
343.08562	-110.33636
341.20471	-115.25249
350.37288	-88.69110
215.72136	-259.89502
232.00803	-250.87691
305.56464	195.41455
354.11415	-76.38056
344.45029	-108.18265
353.70224	-79.03227
364.00006	25.22709
42.81964	-260.13824
324.18083	-154.82790
356.60916	-70.69431
357.88195	-65.40959
357.93485	-65.16148
357.91013	-65.34912
357.91757	-65.37977
357.87491	-65.63164
353.03691	95.29306
361.95441	-47.05764
361.99568	-46.90702
361.94161	-47.34345
361.97121	-47.25836
362.00227	-47.09917
362.00075	-47.31213
348.44680	112.70865
362.09124	-47.53015
362.07056	-47.74868
362.09069	-47.65604
362.12890	-47.46966
241.59822	-249.24137
362.10788	-47.74754
255.19523	-239.50585
309.94991	-180.77434
229.73646	-257.63104
24.10045	-250.00828
229.69481	-257.69698
365.01332	-29.15281
365.00040	-29.32429
365.45816	-26.17622
365.41033	-27.09889
97.17964	-283.73352
365.44051	-26.91847
223.49418	281.34285
195.74261	-275.17408
365.54905	-29.08412
206.21501	-271.58479
312.61239	190.08753
146.30648	318.35212
366.71361	-19.74604
366.74765	-19.45327
366.72915	-19.83295
328.12182	164.26291
356.42444	-82.99239
275.80548	-224.70968
275.79350	-224.72464
367.03722	-17.21314
360.31260	75.40764
251.74391	261.22370
189.26658	-280.23302
368.19584	2.95059
190.02098	302.74709
163.95659	-288.28584
368.59104	3.87452
368.73947	5.37469
368.74398	6.39183
368.72765	8.76032
368.75893	8.47192
368.77342	8.93322
294.01225	-208.10599
226.30312	-265.56913
368.82976	8.96848
368.85574	9.05279
368.88055	8.85235
368.87169	9.52641
368.87719	10.10057
251.69713	-248.96162
289.22024	224.86899
275.93999	239.85897
276.14267	239.66065
187.46229	-283.81731
369.23084	1.74380
236.00012	-260.95278
357.37290	94.04392
368.18200	32.17743
82.42584	-285.45796
333.36220	-149.85772
171.10445	-289.32321
144.44495	-293.63607
67.03500	-280.09026
52.54828	326.00738
182.89864	-287.17287
369.18760	24.98470
324.35647	-167.76171
365.69259	-52.15891
345.61963	-125.92666
253.52649	-251.40356
161.26278	-294.24935
365.26011	63.57997
225.27012	-270.74584
202.24207	299.50482
370.70814	5.03725
283.49136	-224.72082
185.38035	-288.94769
283.47651	-224.74265
370.48613	-12.13537
137.41299	-297.65472
137.35323	-297.68682
261.35591	257.06132
190.34539	-287.79952
359.31669	-87.57959
367.78825	-45.72540
355.02240	108.28240
111.79904	-297.72586
69.37107	-285.39995
257.97790	260.97696
323.60503	-173.62963
132.76768	-300.00114
73.20378	-287.67616
371.52585	14.83933
336.55340	-150.57407
369.52121	43.29489
58.56879	-281.29701
88.94553	332.67903
356.62059	105.90984
199.49453	-287.82224
102.56502	332.53387
44.59862	-272.85659
323.24024	182.35381
236.14386	-268.78868
61.58088	-283.92362
155.92623	322.43504
156.07777	322.40520
367.48115	-57.12550
345.58723	138.28247
141.41077	326.95384
211.09179	297.52153
124.72904	-303.71746
333.18714	165.68911
333.27756	165.53478
129.24811	330.22418
288.91504	-224.85827
155.23362	-303.71099
321.32207	-182.08973
368.59990	-55.52985
336.49649	160.14025
336.49508	160.14671
363.49476	-82.04715
318.53921	192.57737
261.82271	-252.68684
324.38569	183.42884
324.36416	183.48455
159.17880	323.56730
324.34575	183.52868
186.13632	-297.94542
202.06632	-291.93466
326.76788	179.63282
359.50095	-98.65967
287.27046	-229.15261
287.23262	-229.20042
165.35858	-304.92266
370.58608	-49.42689
329.82643	-170.51037
302.84031	216.66090
329.79121	-170.59449
329.77160	-170.64881
306.16824	-207.04929
332.94716	169.33621
111.40900	-308.58343
272.25453	252.53076
318.68385	194.64509
196.05266	309.35192
85.22132	-302.76373
56.62979	-288.28739
323.85624	-182.09512
136.11624	332.11844
261.67538	-256.54552
105.64488	-309.90326
201.88391	306.89107
116.35693	-312.01085
69.45014	-297.74767
131.30088	334.04336
203.58645	306.25199
204.71182	305.72175
200.63838	308.00415
125.79316	-313.40663
201.42374	307.61086
203.59293	306.42544
202.20323	307.25994
349.27094	136.59896
311.76207	-202.48081
200.84774	308.22095
201.14192	308.06250
325.86817	184.80055
199.21950	309.36248
262.17019	264.09971
260.54799	265.74137
258.40466	267.68820
258.14455	267.92229
257.87994	268.18399
192.53163	313.14644
375.51298	-16.23853
62.14791	337.18205
27.14172	325.04772
282.30496	-240.95181
75.48861	-306.42328
371.62762	-57.99258
60.82688	338.06738
192.21233	314.88760
88.79698	-312.86330
227.06183	-287.47187
265.30008	-258.47414
294.20465	-228.62338
117.17098	339.91431
126.45159	338.45385
326.91098	185.51614
76.43246	-308.94559
39.86554	332.30144
58.17148	-298.94274
151.53205	-319.26125
247.47482	279.36162
243.84838	-277.31324
65.00575	-305.68254
336.88906	168.79031
308.97749	214.57792
206.06631	309.41237
205.27231	309.98462
204.86042	310.26276
204.55738	310.45191
233.43417	291.84740
130.10894	340.40056
54.34369	-301.86829
51.93048	340.14806
268.96155	262.35943
334.78286	174.64876
2.68184	-235.47741
192.02141	318.79501
192.64032	318.48178
192.66681	318.47074
64.42939	344.17785
358.33155	-119.46684
176.86536	326.33631
169.49392	329.51149
169.64627	329.51612
168.47643	330.03216
240.59882	287.87750
376.38594	39.93892
376.38082	40.00367
126.89777	343.29357
88.67717	347.31707
46.57679	-300.30075
46.57787	-300.31550
218.75964	303.98904
369.60183	-81.14249
185.72493	322.98491
208.77279	-306.04215
378.81421	4.05408
254.94634	276.84285
166.17286	332.22515
191.57541	320.53635
181.53438	325.56659
154.03256	337.07027
159.67636	-327.80555
153.69376	337.22135
164.24425	333.69938
104.62982	349.11752
195.35386	-315.36814
160.72012	335.61393
88.73774	350.46831
160.44472	335.79927
77.17429	350.07055
159.59433	336.15094
159.73712	336.12678
127.69012	346.06289
149.04572	340.11733
80.17521	350.70818
290.60837	241.97162
118.47441	-337.43960
340.00880	167.61904
114.31738	349.15921
18.48216	-270.61344
66.90103	-325.17365
79.48257	-331.97055
79.45205	-331.97024
56.82677	348.03574
356.43750	-129.47058
366.29417	99.52934
80.13579	-333.24473
80.12452	-333.24453
188.58460	-321.01895
130.95909	346.81640
206.10860	314.87167
95.73709	352.95030
81.11741	353.38530
122.31239	349.56576
127.28403	348.57938
126.94569	348.71904
158.05079	339.25529
286.37550	248.44735
111.23399	352.97246
19.43742	331.13176
83.67007	-341.17888
110.74379	353.14143
87.93446	-343.24560
87.70158	-343.27353
28.17740	-298.01658
98.31281	355.93757
16.29568	329.26822
177.48835	332.21899
177.33394	332.30990
184.07876	-327.25531
283.98476	-251.62366
19.57055	-285.07564
107.66447	-351.12730
27.13153	-304.94576
52.95258	-337.19291
49.25843	355.64903
122.59871	354.33086
227.83424	303.50167
79.00431	-353.74032
33.92944	-322.77511
68.54947	363.02200
222.85689	-307.38720
186.75039	-329.57894
83.09986	-358.16328
51.20917	-349.83754
51.12591	-349.82359
51.03310	-349.80835
50.95499	-349.82578
70.33072	-358.03355
82.03662	-359.69993
156.79500	345.20782
32.66880	-331.45319
47.68172	-350.65649
9.15333	329.61059
23.42389	-321.27538
41.93355	362.88606
39.14792	361.94931
325.00567	-199.60119
56.13253	367.44889
43.68604	-354.19697
43.52066	-354.18618
43.51225	-354.24765
43.37493	-354.19341
43.42366	-354.27206
43.41212	-354.27270
43.41362	-354.28159
36.36451	363.61742
19.57839	-321.71286
113.27975	361.90814
72.10691	369.20533
24.09573	-334.28669
33.09756	363.35038
63.73059	-366.12756
96.61918	-364.85304
28.05369	-345.01669
25.35919	361.83965
14.96895	350.85904
43.62726	370.77419
22.02655	-343.84364
22.02082	-343.84054
28.03520	-355.70904
75.10775	371.66755
12.56441	352.58901
27.92289	-361.11877
27.91345	-361.11685
101.52759	366.91334
11.09338	353.87432
17.93949	-350.65119
4.19607	332.08532
10.32405	352.95143
10.31719	352.95398
267.70292	272.25557
17.00567	365.20844
13.66557	361.49837
14.56668	362.92860
28.03132	-369.82919
28.73290	374.18759
14.80513	-355.35197
288.80381	249.92905
18.60869	-371.65201
14.20190	-366.44751
376.45312	-64.58145
24.62011	377.63122
24.16323	-376.88181
24.73717	378.21691
38.72967	-378.40398
40.40261	378.61198
40.15887	378.63536
6.08810	364.21903
5.64159	363.10157
5.84161	364.26652
4.80774	363.32219
2.23394	348.40221
2.17193	348.38986
2.67229	359.59674
3.95749	376.63958
-1.43498	-374.72476
-1.04865	360.48200
-2.26385	369.04922
-12.07549	-380.74294
-12.31594	-380.73346
-12.34905	-380.73299
-3.63385	-364.91278
-2.48559	364.48026
-0.18506	314.88771
-0.18809	314.99887
-0.33763	316.74686
-0.33919	316.74462
-22.10808	-379.57656
-7.50526	-362.55198
-46.36665	-378.46195
-6.00065	-349.75882
-12.02683	-370.32373
-1.08006	319.15431
-20.00589	374.26292
-32.94118	-375.85286
-5.42555	-313.55460
-19.99695	-365.10036
-13.78909	362.49713
-53.56911	-374.69571
-12.19127	359.34853
-15.67981	363.88175
-18.14041	-353.72745
-29.58732	-367.20878
-29.76232	-367.19116
-29.95798	-367.17104
-24.28382	-361.64211
-26.59112	-363.50847
-28.73237	-363.87455
-328.06631	-195.36579
-15.98599	359.85380
-177.90152	337.44300
-30.13179	369.15074
-350.39244	-151.66160
-17.22063	357.47087
-100.99814	-365.66350
-20.63087	359.45152
-19.07787	-331.37475
-22.70641	359.03086
-107.11689	364.18728
-107.19344	364.16726
-107.29778	364.13901
-134.55056	-355.16206
-134.69845	-355.10819
-134.84406	-355.05472
-51.69470	-361.60956
-27.11974	358.69666
-5.54345	-266.11597
-3.15868	-251.66884
-378.52790	-48.70060
-185.08860	-332.37242
-21.17118	351.92102
-56.34517	-361.12642
-68.25223	-362.97684
-373.89857	-75.91977
-370.25760	-91.94829
-370.26238	-91.92862
-356.55116	-135.57242
-321.45861	-205.11120
-19.02696	-309.39364
-60.02257	-358.02714
-43.17527	-347.86032
-46.11892	-350.05663
-43.68389	362.31814
-199.23593	-323.39097
-52.63159	363.65246
-23.98337	-315.61327
-375.20423	-68.19672
-92.16624	362.88269
-55.45613	361.98742
-95.52065	-357.79522
-146.41137	-347.22299
-76.09096	-356.29498
-22.55225	344.50313
-12.32667	-279.43866
-77.70180	-356.03151
-87.92824	-356.58826
-162.19916	341.88794
-61.58300	360.57442
-47.76718	-336.44283
-47.84533	-336.43924
-55.68730	-341.65958
-228.64744	-302.34561
-4.13252	-246.24236
-90.32820	360.01403
-161.86497	340.96301
-33.71662	348.54761
-29.89944	-308.10793
-196.82083	322.98058
-196.63282	323.08660
-97.52091	-350.10593
-263.92613	-272.30324
-156.91978	342.14826
-33.81499	-310.49196
-41.08884	349.20269
-23.57109	-292.03154
-90.11078	-346.48772
-132.92402	349.51477
-47.27749	-323.19354
-43.13349	348.93947
-51.45252	-326.15379
-129.36359	-344.25257
-313.65691	-213.52124
-237.52794	-293.17963
-51.41882	350.68127
-92.02001	-343.37928
-49.02243	349.14141
-122.35281	-343.19239
-122.34612	-343.18373
-122.31010	-343.18374
-64.60359	-331.52692
-375.09271	-61.19681
-375.11104	-61.08227
-375.08740	-61.20928
-375.08284	-61.23670
-372.47526	-75.16153
-60.21631	351.52224
-52.15236	349.07591
-54.91161	-322.15031
-88.06877	-337.72679
-207.94680	-310.99908
-207.93679	-311.00444
-97.22274	-338.31627
-145.84409	342.07173
-107.90101	-338.79087
-50.52690	-313.87256
-61.70241	348.85948
-223.53251	-300.11226
-52.70968	-313.37661
-233.53063	-292.74343
-233.29728	-292.90750
-233.23537	-292.94490
-232.84800	-293.21035
-156.54438	337.12772
-295.92444	-233.82653
-347.61599	150.66025
-216.22868	-303.50575
-51.74553	-309.08921
-78.00833	-323.82382
-201.15861	-310.40031
-84.49809	-326.02645
-88.97384	347.61851
-171.69596	329.22096
-171.66761	329.23151
-171.95105	329.10747
-59.25921	343.65387
-368.17753	-86.22795
-74.11140	346.14097
-203.36251	312.77577
-77.05212	345.54156
-66.76891	-312.73693
-282.62306	248.15212
-185.62149	321.34473
-170.29576	-319.24659
-199.17601	-307.69536
-172.44542	-317.73303
-172.57958	-317.66097
-239.30647	286.77257
-215.96802	-296.95590
-47.29469	-292.67663
-143.50623	-321.55656
-371.61271	64.26603
-194.44537	314.45399
-194.63771	314.31164
-194.63831	314.30892
-194.82537	314.17415
-272.26323	-252.50820
-67.09867	340.05493
-213.15296	-296.47542
-217.94009	300.54799
-129.53313	-320.39719
-109.66479	-318.69169
-308.98789	212.94048
-341.20770	158.17709
-84.67765	340.78414
-375.08777	-29.18184
-370.39844	-64.46033
-370.41873	-64.32516
-375.96374	-13.27349
-44.90461	332.92355
-348.77060	-137.40387
-221.18098	-289.75281
-369.06853	72.37287
-68.43174	338.30145
-67.11136	338.03646
-104.16366	-313.47745
-218.65992	298.10270
-375.12463	22.37953
-334.16760	170.10971
-370.61920	-59.42419
-374.91429	-22.44739
-98.11977	339.02967
-111.62496	-313.43154
-374.20552	-30.33608
-374.21540	-30.14481
-191.21731	313.32047
-74.11563	-301.33994
-76.84665	-301.98953
-51.40217	333.08667
-373.44256	37.75530
-123.04876	-313.11731
-194.60672	311.09945
-155.55683	-310.69227
-35.86403	-273.16326
-97.76465	337.82602
-77.94334	337.27526
-365.21555	83.51587
-125.95203	-309.86720
-204.17386	-292.60249
-105.04784	336.05670
-183.11728	314.87518
-214.61471	297.63464
-138.62986	-308.25474
-96.60617	335.85304
-235.79929	282.65375
-366.87049	70.88656
-117.14652	-305.72843
-170.62260	-300.49873
-358.17896	-99.78816
-268.57048	253.53659
-75.02238	-292.40663
-258.18185	-254.19574
-333.32349	165.59204
-367.11886	65.67057
-367.06005	65.94455
-364.46230	-74.22824
-348.94279	-125.26960
-105.55372	333.08982
-348.98013	-125.11396
-122.20742	-303.07596
-349.04880	-124.90085
-84.06023	-294.70355
-97.23023	333.38700
-97.15255	333.38094
-97.17923	333.36090
-97.26363	333.34813
-97.45176	333.31789
-177.08386	314.64659
-97.41495	333.27507
-97.49632	333.25028
-111.62511	-301.17248
-100.48663	332.67199
-367.43950	-55.60348
-223.89377	-275.77465
-331.72666	-160.77898
-117.83626	-300.63496
-256.65646	-252.96098
-105.20791	-298.72619
-232.92820	-269.92937
-244.94915	-261.80587
-344.71933	-133.39761
-232.68285	281.88362
-318.90371	-181.64065
-72.32355	331.26017
-145.07949	-298.86134
-183.91963	-291.21399
-183.94284	-291.20098
-361.45286	-79.73162
-103.79585	331.00586
-238.12326	-264.26451
-346.54183	132.03491
-325.10120	176.63919
-325.12986	176.58557
-115.44166	329.46757
-86.65653	-290.80935
-118.41447	328.99249
-115.68202	329.35285
-161.48425	318.22364
-116.12447	329.24869
-118.86104	328.84037
-361.48896	-77.86596
-118.62216	328.86943
-361.46550	-77.92368
-118.19450	328.82838
-118.44576	328.73217
-115.09577	329.16689
-114.92680	329.18415
-117.80548	328.75135
-118.04094	328.67488
-116.33327	328.91321
-117.84670	328.69189
-118.89989	328.47513
-117.06573	328.59754
-116.58374	328.60058
-120.39324	328.02335
-118.56321	328.30033
-116.43416	328.60285
-120.15934	328.04100
-189.64321	-286.60711
-117.79235	328.36174
-120.60041	327.89590
-32.41135	320.98240
-135.13373	-296.31818
-309.56575	-191.92255
-81.95902	-287.64970
-303.24624	-200.40094
-264.85124	-241.56357
-264.83909	-241.57182
-116.74527	328.30225
-119.45267	327.89965
-115.80418	328.40774
-211.69126	293.50949
-120.74883	327.67437
-119.45401	327.83984
-119.66529	327.80612
-119.79555	327.74262
-120.60243	327.54213
-137.92688	-295.39360
-22.09832	316.73288
-319.43009	-176.24038
-319.44161	-176.21591
-233.83472	278.39992
-328.24223	168.54985
-313.74175	192.94178
-253.33005	-249.42482
-121.03380	326.86426
-253.37920	-249.37054
-114.90426	-292.93664
-231.75623	-263.86916
-122.30156	-292.86092
-367.00842	-36.07491
-299.46659	212.33228
-250.88563	-249.66242
-135.31434	323.20643
-366.18665	47.26917
-312.84719	192.86870
-282.25931	-221.21689
-132.03024	323.58549
-114.55030	326.48700
-287.97941	-214.32753
-215.07395	-270.83551
-140.78270	-290.87691
-58.60909	-273.33123
-102.28384	-287.41820
-362.52468	-57.19017
-169.21539	-285.69948
-246.83102	-249.30368
-347.11653	-112.62903
-330.91583	158.77724
-330.98502	158.58475
-330.98504	158.58460
-331.18030	158.16273
-314.95026	-176.34012
-314.95601	-176.33079
-306.57442	-188.03409
-178.39240	-281.71958
-351.75780	105.82286
-332.83759	153.86441
-367.07947	0.57904
-351.01740	-98.94965
-256.97473	-239.77995
-86.60713	-281.36035
-171.80888	-282.38335
-124.92389	322.69989
-160.81988	312.51089
-160.79414	312.51068
-25.19069	316.05835
-95.34109	325.27273
-362.51092	-41.86248
-87.23125	325.18990
-261.17893	-232.55917
-360.22512	62.96967
-327.06916	-148.64390
-223.61275	-257.08696
-104.48286	323.36219
-332.37907	-137.12465
-325.13260	163.47548
-354.98906	-72.77798
-127.95187	319.28111
-300.43199	202.26344
-217.77527	281.34628
-192.79078	295.58626
-36.77454	318.14532
-141.14146	-279.76767
-362.52498	30.02732
-60.84966	-266.90186
-166.13528	307.06564
-184.76008	-270.56991
-184.77234	-270.55193
-362.73732	20.48481
-209.55855	285.58777
-290.59139	-197.84498
-112.67952	-278.39677
-231.76724	270.38781
-327.30388	155.88147
-86.13359	-273.68776
