-164.12394	304.77458
-256.20607	246.87453
-113.49386	317.98749
-113.51063	-272.55615
-270.18596	-211.01630
-359.22941	8.55509
-358.90806	6.11560
-358.87578	6.10444
-89.90431	319.69489
-108.33811	-271.03827
-162.68555	-267.48653
-316.82188	-149.94505
-19.75318	-242.69213
-337.96982	-105.57511
-318.69532	-144.98267
-357.46932	7.36969
-157.68403	-266.26626
-168.13231	-263.84271
-111.23319	315.99610
-51.22164	317.46887
-340.22357	-92.38636
-340.22596	-92.37668
-51.21757	317.42226
-347.61158	83.35519
-259.96541	238.89737
-294.27492	199.16751
-350.45595	-52.46888
-137.57200	309.85619
-306.36941	180.66061
-186.42291	-256.13486
-87.63849	-264.75226
-337.10188	-98.12599
-45.12692	316.28166
-351.13039	59.38240
-295.22065	-173.15918
-304.14956	-160.65313
-73.78021	317.67272
-353.02983	37.53661
-123.54204	311.96016
-130.10525	310.38906
-137.21537	308.51861
-269.73528	-200.43054
-336.00205	115.11356
-334.94947	-98.51525
-337.84683	-89.19943
-245.75410	-219.88329
-245.73971	-219.87086
-227.38198	-231.65600
-227.36587	-231.66536
-174.22374	-255.33782
-125.26968	310.68827
-125.03073	310.71717
-125.25379	310.61762
-100.74504	-263.00234
-124.98542	310.66970
-125.61705	310.51351
-125.31778	310.57761
-212.55029	-239.48881
-125.18808	310.55276
-125.59707	310.43031
-242.54943	-220.68695
-125.42218	310.45178
-296.31361	-166.53491
-267.56688	-199.35428
-335.48077	-89.24851
-335.50511	-89.13070
-293.30484	193.43398
-127.70202	309.06698
-186.30978	286.71188
-343.59033	75.66751
-315.33163	-130.30306
-315.32612	-130.31329
-270.93232	219.48163
-92.87287	-259.02142
-269.98529	-191.20142
-344.48162	65.41909
-158.91767	297.73768
-332.64254	-87.44165
-332.64139	-87.44281
-150.15058	300.67089
-150.12027	300.68124
-348.51890	22.27402
-274.19869	214.24391
-348.50264	15.40137
-330.13978	-92.97354
-192.56654	-241.92907
-97.11407	-258.10066
-341.05986	-54.39312
-72.08706	314.70697
-62.78806	-252.89479
-347.33839	-2.68022
-347.33845	-2.66579
-346.77272	-11.70377
-300.47580	176.68515
-330.66210	-87.91253
-333.41002	103.41254
-279.86160	205.43534
-172.00291	-247.53498
-171.18616	291.02641
-261.61709	226.19848
-201.19916	274.93032
-118.90512	308.04389
-209.33057	-230.74277
-345.71579	27.27273
-94.91628	-255.67379
-182.19109	-242.05457
-108.44790	309.77263
-252.01769	-199.95609
-327.00646	-88.12724
-327.00410	-88.12616
-300.92058	-140.92781
-308.83131	-127.28642
-173.88353	-242.77005
-207.71000	268.48646
-207.71421	268.48001
-343.79168	16.68692
-340.07736	60.62968
-180.00729	-239.94468
-324.28440	-90.20738
-134.51025	301.74734
-321.19894	125.21171
-321.10711	125.36448
-110.05313	307.77632
-110.04358	307.77115
-328.73813	-74.90345
-328.68265	-74.67665
-328.79717	-74.18617
-328.30661	-74.16025
-328.30074	-74.17474
-328.28153	-74.21798
-328.25768	-74.27854
-308.25565	152.54775
-319.15371	128.14780
-319.15618	128.14085
-330.75056	-63.59908
-284.37757	-157.71356
-119.51819	304.89752
-281.63400	-160.42172
-112.40494	306.39026
-338.93485	39.70931
-168.48265	287.05697
-235.46715	243.55960
-338.56226	41.00246
-320.51410	120.60049
-190.48464	-229.93636
-298.62327	-132.55732
-203.78777	-222.67558
-175.38242	-235.35449
-336.62234	49.04381
-298.68851	163.96312
-298.81260	163.68496
-287.48253	-146.18034
-106.95259	306.15888
-241.64563	-195.34985
-330.42896	-48.33259
-336.98096	31.31244
-336.95492	31.52497
-336.95728	31.43452
-336.92080	31.78752
-218.40145	-211.76660
-144.77309	295.27592
-85.95787	309.43338
-85.90785	309.40611
-85.91079	309.40295
-85.86684	309.38827
-114.46770	304.20517
-300.20142	159.31471
-180.43647	278.94021
-293.94168	-134.06951
-79.11411	-247.50604
-219.50334	253.38476
-219.56025	253.31559
-334.96984	42.16168
-258.08277	217.70745
-334.08112	47.68503
-334.07920	47.68631
-225.35182	247.91888
-323.63798	-63.19266
-300.22815	-118.72176
-168.39804	-232.76551
-271.34322	-160.30796
-333.23432	-4.06519
-333.23046	-4.09167
-333.22846	-4.08767
-2.48542	305.57538
-239.59906	234.12074
-322.96331	-60.73684
-253.73034	-178.22518
-329.06278	-34.24241
-278.13305	-150.50395
-332.94639	1.84974
-296.42271	159.88637
-83.80044	-245.63865
-288.91870	-133.62894
-328.92948	-28.02057
-322.66126	-56.49436
-104.44779	-244.41097
-332.15882	24.94117
-329.20283	-23.55471
-209.45256	-210.26545
-316.23678	-75.66750
-139.00983	294.47240
-151.95877	289.38878
-255.95937	-171.47830
-255.96144	-171.46882
-322.64599	-49.15781
-320.60755	-56.56315
-90.74723	306.33047
-320.58413	-56.19695
-320.57600	-56.20546
-320.46621	-56.49021
-197.29140	-215.00085
-311.99263	119.69789
-290.91082	164.81620
-324.44094	75.32124
-195.39977	-215.50690
-329.75978	9.86017
-291.74971	-122.55372
-113.14657	-241.66763
-303.39474	139.02331
-315.84543	104.49738
-310.26211	120.49890
-252.84917	-170.58842
-325.55377	-20.49494
-325.54667	-19.86333
-311.72967	115.41380
-327.04322	-6.64823
-308.22048	-84.72350
-308.46310	-83.34378
-308.45698	-83.32159
-111.85319	-240.24537
-282.74564	-132.00788
-182.01242	-219.04822
-296.91830	148.41318
-296.94118	148.26535
-214.70706	-200.14054
-319.86598	-43.48195
-214.79370	-199.92201
-326.20453	6.04496
-271.51756	189.61310
-317.94758	87.51807
-317.92975	87.56097
-317.92635	87.57280
-317.91022	87.61142
-297.13404	145.37045
-227.36561	237.93231
-325.60952	14.94793
-258.24570	-159.61131
-287.91044	162.48927
-319.53039	-32.04131
-299.58232	-94.12517
-323.01739	43.55817
-249.24301	-166.40661
-173.12364	274.51564
-282.45444	-123.46733
-282.48504	167.33545
-306.53442	-68.05500
-313.00639	89.77311
-198.26616	256.93493
-319.20652	-2.18145
-273.03676	178.85104
-240.29927	-168.81364
-240.34221	-168.75281
-240.38748	-168.67927
-298.62239	-83.01259
-239.72608	-168.35417
-309.16264	95.90589
-227.38977	-178.75239
-102.06405	299.81318
-315.25270	-13.05089
-243.32330	214.25516
-199.02858	-198.24163
-315.96174	-1.23225
-216.04660	-185.63036
-293.27167	135.54811
-293.26043	135.53738
-293.24432	135.53639
-285.11085	152.70807
-83.00725	303.25635
-292.92239	-87.29300
-284.62607	-102.97441
-250.74465	203.37758
-305.89107	95.44695
-234.93146	-167.23587
-254.06850	198.96260
-239.35059	216.17679
-289.72961	139.24960
-309.61304	76.02114
-289.84826	-88.67817
-250.24349	202.93713
-55.10892	-236.41124
-187.52474	-200.98906
-285.95623	145.38602
-313.12405	21.26384
-311.11919	56.86747
-275.99036	-111.61705
-249.47066	202.29222
-138.22968	285.64648
-138.27348	285.56205
-79.84482	302.78631
-138.27408	285.48708
-138.29586	285.41542
-287.63054	138.66312
-149.40012	280.27171
-311.52857	10.34937
-287.54022	138.74021
-54.54905	305.92963
-155.14293	276.83352
-268.88908	172.04581
-310.61576	27.20181
-288.40880	-81.34001
-308.26321	59.69411
-159.50284	-212.14041
-301.61924	92.75660
-301.47896	85.75896
-282.31776	-87.63240
-282.30534	-87.61415
-282.29470	-87.60263
-172.07459	-203.15359
-286.66361	130.48660
-306.83775	36.14353
-88.97689	299.34387
-273.56225	-101.86719
-251.34276	-134.74635
-213.95804	-173.38919
-157.67255	272.85327
-304.92362	38.71138
-298.54469	-31.79500
-298.54479	-31.79182
-264.29921	171.26715
-251.02222	190.66025
-304.53605	23.21123
-304.50697	23.20089
-239.63217	204.91661
-19.94548	306.16392
-20.09597	306.16620
-239.48008	204.97314
-19.97216	306.15717
-188.79351	252.34870
-239.48938	204.67636
-239.43715	204.65631
-250.07862	190.78213
-239.80743	-144.60708
-78.40182	-230.91359
-283.95197	129.07328
-303.04561	16.14664
-71.94268	301.89104
-254.33543	-125.08102
-298.05565	-23.10284
-152.80410	274.08366
-152.50028	274.23594
-152.26932	274.33859
-152.27331	274.28584
-152.48808	274.17045
-266.96802	162.78679
-151.35916	274.47519
-269.00635	-99.77180
-231.93075	-150.52621
-124.50523	286.33180
-67.66905	302.15242
-45.64387	304.87989
-45.63876	304.87840
-201.06321	-176.42685
-298.54514	52.23327
-97.48993	-225.52080
-264.27052	162.43412
-264.28408	162.40758
-286.88645	-49.90070
-168.14220	263.09732
-251.69268	-120.95077
-270.81803	148.14352
-289.58771	-35.85136
-275.86119	135.79287
-241.21657	195.22739
-207.11429	-168.05565
-260.01658	-103.62265
-136.68275	279.13467
-275.52834	133.99624
-165.70262	263.25554
-295.91027	36.94051
-292.85736	70.67216
-250.23179	-116.56369
-294.63793	30.39289
-281.03056	-53.05148
-281.02762	-53.04973
-294.61918	30.14552
-294.61566	30.24657
-99.00490	293.12678
-163.22556	263.66968
-293.63049	42.32814
-191.50420	-176.86548
-290.07194	-13.20576
-290.07152	-13.20207
-205.52412	230.72874
-157.89234	-198.16551
-244.10714	185.75748
-180.58767	-182.95700
-146.56630	272.13546
-140.51416	-205.62330
-230.62800	200.72020
-241.86163	185.09398
-216.16681	216.69340
-288.95320	20.30970
-216.06089	216.70661
-229.33231	201.13414
-94.08594	-221.03130
-288.55307	31.77679
-78.62228	-224.59802
-244.30026	-109.24615
-286.03210	38.15430
-285.67540	24.22763
-285.27385	21.41210
-285.27322	21.40119
-44.02991	302.92773
-198.41920	229.75048
-249.33359	164.15063
-279.19149	-6.81633
-279.46612	73.83400
-279.46604	73.83426
-219.06100	206.82117
-210.95625	215.92636
-114.16431	-210.79961
-176.24813	247.32304
-251.39667	157.57549
-206.58627	219.98068
-207.02981	-148.37416
-263.12649	-58.49959
-278.71664	15.40127
-169.03800	251.29440
-275.11030	78.12091
-275.10739	78.12030
-223.75507	196.88612
-217.83745	204.16144
-264.26581	118.61480
-233.49422	181.52349
-255.74444	-67.35231
-220.62649	198.05167
-275.29469	46.14213
-270.08213	-16.38058
-89.10004	-216.22865
-179.21180	-166.25511
-177.66797	-166.74537
-115.27210	280.34525
-223.42505	191.95463
-223.27528	192.14930
-270.37284	76.52966
-223.80479	190.36544
-223.80195	190.35822
-218.67844	196.81878
-173.84852	-167.81961
-219.59508	-119.91466
-215.45409	200.35219
-270.86392	57.64265
-267.35082	83.26209
-198.37893	-144.15476
-270.53086	26.44940
-7.20938	-229.70314
-55.89417	-223.55529
-139.68327	-190.27131
-264.82273	-13.68759
-219.78416	191.17680
-172.64479	241.68372
-267.64781	57.76662
-172.39103	241.72943
-266.94325	13.96431
-266.90446	14.02333
-266.86081	14.08426
-219.43445	-113.28611
-219.44129	-113.27542
-224.40162	182.36092
-224.39159	182.37226
-178.94989	235.17497
-250.21097	130.67027
-244.34193	-67.33255
-97.00781	285.75133
-220.49415	187.40199
-99.97348	-207.81502
-189.70910	-144.79245
-186.32637	-148.13830
-261.10619	-0.70642
-261.09803	-0.75049
-261.09487	-0.74364
-223.26246	180.20531
-84.80145	289.65130
-257.20792	-19.65831
-100.89328	283.25065
-100.90692	283.20395
-261.80525	63.63415
-197.74563	212.87455
-176.46048	234.57182
-238.53513	150.11874
-181.76700	-150.66850
-186.56752	224.25907
-198.31226	-131.75201
-198.41504	-131.36329
-257.61179	-1.64775
-236.87999	149.42649
-230.62582	-81.17002
-260.14803	40.01798
-192.67558	-135.36831
-258.26154	28.99918
-198.26926	-124.92609
-198.22910	-124.90768
-112.86507	275.34744
-243.86029	-38.40156
-213.31051	-101.66784
-228.67790	156.77299
-228.67980	156.75465
-254.51927	34.53433
-254.51407	34.49685
-254.50971	34.46575
-212.19866	-100.33036
-236.86377	-50.29208
-236.83441	-50.35321
-236.80529	-50.39904
-212.18603	-100.19293
-212.17752	-100.13837
-212.16759	-100.05112
-155.31579	246.34515
-239.85004	124.91820
-245.32779	-20.36927
-245.31270	-20.36346
-88.85747	284.86468
-140.40777	256.48334
-140.39944	256.48599
-155.16279	-163.26662
-91.90382	-204.26429
-245.51282	93.23898
-248.55533	56.22620
-248.52127	56.37647
-248.48192	56.47705
-246.94215	74.46676
-144.62146	252.06605
-177.67194	222.32706
-186.43721	-128.13397
-229.53797	-53.74472
-220.32251	160.08309
-245.82262	14.84476
-233.77444	123.83188
-175.03649	223.14159
-78.04805	287.84954
-174.99971	223.16415
-175.05331	223.09449
-174.96405	222.92251
-187.20758	-123.58507
-187.63204	208.02662
-175.11177	222.31050
-242.20125	82.13465
-230.85024	-40.01131
-210.50388	173.40586
-199.11929	191.14269
-179.96000	-129.93426
-243.04606	29.53469
-243.00157	29.47831
-242.93491	29.42184
-242.89841	29.40224
-230.75358	-35.53023
-204.24857	-94.54867
-197.32088	192.53080
-197.34446	192.47802
-197.35464	192.44793
-93.91017	-199.42064
-59.02976	-215.00500
-214.85180	161.83378
-221.96576	-57.43428
-206.91319	176.23603
-67.42428	290.71318
-172.63864	221.56713
-172.49296	221.64559
-172.32534	221.78590
-172.32620	221.77210
-240.85608	44.80208
-237.20341	87.56954
-237.89307	11.18549
-231.33783	112.28183
-126.45467	-177.01836
-187.32036	-114.99189
-77.18266	286.67140
-238.75224	62.46633
-238.74167	62.43185
-238.72438	62.40339
-237.06886	75.49079
-213.38851	158.36140
-238.54511	39.02479
-178.08807	213.20487
-197.62158	-97.22853
-213.34602	-66.20824
-216.42281	-58.21574
-181.77512	206.74030
-164.25821	226.63743
-203.85777	172.86495
-203.77575	172.92595
-203.77991	172.91200
-175.64566	213.75694
-203.67197	172.96192
-232.60518	4.72137
-182.36433	205.14283
-171.39566	-129.63847
-128.11176	-172.19752
-232.69739	80.59902
-231.06024	91.47184
-223.47273	122.63946
-229.42356	-5.29718
-103.50131	-189.42442
-68.48953	288.81360
-231.92616	76.11732
-200.43522	174.70637
-200.40010	-83.29157
-160.43102	228.15862
-230.68157	12.61035
-194.71317	183.69240
-183.63997	-109.57662
-231.15728	20.31865
-206.99811	160.51188
-192.18171	187.19480
-66.40770	-208.83728
-231.52986	26.72709
-225.58290	106.53334
-183.17024	200.11722
-180.22663	203.96544
-230.58347	20.88356
-185.34272	196.47527
-231.25480	53.60638
-230.70639	38.52723
-197.42061	-83.46641
-218.22785	-32.63929
-230.01671	55.35218
-226.05579	92.32967
-172.42501	-120.55226
-151.88677	233.69799
-222.52186	107.44456
-129.06634	-166.63474
-129.06198	-166.63324
-175.34519	-115.62798
-104.41334	-185.17428
-221.85116	103.88167
-226.60613	24.88271
-188.01854	186.10427
-176.44662	203.13540
-173.78705	206.49725
-187.96623	-92.48139
-219.22945	109.70037
-226.14047	42.06856
-223.05908	10.68071
-213.53811	-31.71551
-213.70939	-30.93823
-84.57144	279.70931
-224.67194	39.30491
-127.66569	252.09810
-220.95360	89.66855
-207.56259	140.41408
-91.63836	-191.14965
-180.21243	194.10708
-187.32479	182.73900
-185.70626	-90.80633
-168.61444	209.33069
-166.86832	211.27484
-216.23286	103.85716
-153.80536	-134.15749
-219.54096	80.79825
-161.55647	216.74539
-176.10499	-102.25485
-219.31548	27.90352
-218.26904	21.53100
-126.20186	250.40486
-168.23234	205.96190
-107.88891	-176.57445
-185.34138	-82.47672
-185.31215	-82.50007
-185.29512	-82.51307
-217.87139	34.23141
-176.04675	194.08509
-181.56159	185.13553
-184.50045	178.72906
-158.22970	216.82718
-191.40579	164.57440
-214.76501	82.59532
-195.47738	155.28748
-193.81698	-59.89505
-201.81414	136.78786
-215.51726	62.92100
-197.61525	147.59297
-171.39280	197.53764
-214.65528	69.03691
-171.38455	197.47774
-191.97250	160.00142
-177.30993	187.84729
-33.78159	-218.52812
-187.11025	166.29485
-151.46596	221.11344
-151.37806	221.14950
-151.31703	221.18886
-180.70729	-79.64704
-194.59253	147.95470
-133.30674	239.46262
-176.06656	-85.87618
-191.36181	-52.16337
-209.28248	25.02288
-140.77642	-137.53486
-188.89622	-57.04965
-188.85489	-57.05948
-202.64671	114.93890
-186.40740	162.29376
-186.24109	-61.89780
-184.16709	166.59364
-174.33516	-84.92018
-181.88699	169.55271
-208.44129	50.13439
-207.23552	36.15953
-177.57624	175.83589
-204.77723	19.13004
-206.00181	50.82271
-157.88243	206.25564
-184.07948	159.77004
-174.77641	178.74095
-196.00078	124.80724
-204.67593	35.14898
-176.80397	172.54419
-176.82554	172.48240
-176.83272	172.44997
-176.84978	172.41377
-196.86154	-11.41035
-112.51798	253.23872
-172.44356	-78.78815
-96.67974	-175.50152
-201.88295	40.13769
-180.14810	161.40863
-178.02206	166.05859
-91.83279	-179.07500
-152.70014	-110.58216
-186.21067	142.78697
-193.58906	115.67220
-191.59113	-17.28431
-186.45639	139.83196
-186.45008	139.82048
-173.19448	172.04492
-179.81724	-52.96155
-194.74707	0.13788
-175.31314	165.57867
-128.70160	-139.11351
-167.18548	181.58044
-172.62304	170.10041
-165.34817	-81.83169
-165.36465	-81.71714
-186.55105	132.65471
-196.74648	33.00871
-181.56585	147.44466
-196.71707	33.02381
-186.76601	-21.37675
-186.12267	130.58725
-170.35191	171.79973
-170.34968	171.80096
-187.36597	124.60321
-187.34199	124.54940
-175.55274	159.09906
-195.08749	71.66717
-178.38105	150.44826
-184.15872	132.88039
-154.68513	198.34047
-106.80338	-159.91088
-141.56049	215.60749
-182.08991	134.99423
-131.84442	-129.36663
-166.15164	175.27324
-153.14056	197.74385
-189.83003	93.72325
-174.75243	-45.69459
-188.09480	7.64778
-189.94357	87.01676
-183.40330	-14.22118
-173.17313	155.66662
-172.88416	155.94447
-148.86522	202.58999
-149.53456	-99.05238
-166.36956	-64.41910
-155.69225	-86.95877
-67.07890	-192.68394
-178.21164	136.99389
-154.88761	-85.93621
-128.90243	-128.44192
-174.32390	146.60366
-136.44683	217.61506
-181.92503	117.42155
-188.18132	66.06665
-171.06543	153.77812
-171.03806	153.80334
-158.99787	180.69376
-179.41157	-15.01110
-154.13278	189.32745
-167.85771	159.46325
-181.48025	112.76564
-173.97680	140.99981
-179.63367	119.90421
-184.76874	89.65804
-178.15268	125.56220
-163.84542	-58.53580
-184.01974	83.21745
-184.82075	57.04892
-183.93062	61.10454
-183.54208	48.30894
-177.79369	114.74393
-177.75817	114.65330
-177.44331	115.80861
-177.61131	114.72580
-177.79886	113.27765
-177.24012	115.78675
-177.31368	114.78550
-181.02276	21.60174
-177.46895	113.91230
-163.21839	-52.98102
-177.42897	113.80104
-177.55547	113.09411
-177.39738	113.62337
-177.38374	113.43361
-176.93796	115.59786
-179.66318	12.93314
-177.27385	113.72455
-177.09300	114.37743
-179.56537	13.05083
-179.58768	13.23248
-177.21807	113.45832
-176.92359	114.87626
-172.02983	135.05023
-176.80197	115.04262
-176.81680	114.95967
-176.98021	114.06705
-176.88178	114.30844
-176.71645	115.01248
-176.73078	114.90636
-83.35495	266.16023
-178.40487	105.58290
-176.75734	114.47683
-87.99519	-170.03705
-176.48082	115.63064
-182.01484	70.84626
-176.55192	114.95431
-176.23644	116.09760
-176.30359	115.39819
-176.52391	114.05241
-176.19872	115.45261
-178.95035	13.50935
-178.92377	13.45496
-176.44531	113.84860
-176.41177	113.65183
-178.83739	14.02465
-174.35646	-10.78025
-176.29456	113.88595
-175.82633	115.89459
-175.82312	115.23612
-175.78105	115.33124
-175.80986	115.15551
-175.74333	115.20693
-178.33130	13.67553
-166.93698	147.83763
-115.84650	-137.13837
-178.04771	14.22504
-177.93076	14.13216
-177.80072	13.60043
-170.62966	132.00263
-161.78209	159.21701
-159.08164	165.78609
-177.70061	94.12732
-171.30345	-14.48505
-65.80096	-188.64950
-126.68093	-119.29409
-177.71112	35.81386
-175.10639	98.89058
-157.52051	164.64694
-175.96336	24.36487
-157.47807	164.66157
-175.91575	24.93435
-166.07356	139.61173
-170.56787	121.81217
-174.18092	13.63646
-175.83220	27.65208
-175.80511	27.52853
-175.77950	27.59180
-175.72248	27.53003
-175.72881	27.72309
-175.71181	27.58265
-137.24021	203.59122
-131.92744	211.10180
-156.56282	-52.85762
-165.03647	138.25491
-172.43561	103.83955
-175.65618	66.61638
-162.14350	-27.77531
-94.58061	252.18502
-169.50343	103.67016
-121.55251	-118.53605
-141.23304	-81.00767
-162.84231	132.46503
-127.53869	-106.54707
-171.37545	59.48279
-141.68650	-76.30048
-159.04262	140.24087
-167.69392	96.77628
-164.21097	-1.45042
-148.40057	170.14535
-160.18319	134.13951
-154.86223	149.14446
-168.37786	62.88026
-164.38605	107.80253
-167.07403	33.31313
-142.36906	178.17897
-165.94688	82.47567
-164.58357	22.64709
-137.48530	-77.20048
-146.29290	167.54923
-164.10009	88.18593
-141.21294	-65.14942
-160.00252	106.67754
-161.00308	97.73383
-162.06565	79.91647
-125.01128	-95.47355
-91.53177	248.38869
-71.03794	-173.81288
-31.43558	-209.53303
-153.89972	-9.12064
-130.32759	-82.51243
-155.38869	117.08198
-133.28108	-73.89371
-155.92714	111.33850
-129.77535	192.54727
-127.46302	-84.74015
-155.01475	108.29351
-85.18632	253.00883
-145.36066	-33.78674
-147.31440	141.07070
-154.54002	15.93279
-153.25967	8.12319
-152.12384	116.04596
-156.29317	41.65628
-154.46020	98.96383
-154.85209	95.29207
-66.47990	-175.82123
-120.30033	204.57523
-151.96585	112.19764
-147.25957	-16.84956
-44.23588	-197.39766
-60.83500	272.77964
-150.87526	103.65170
-150.66673	103.63273
-103.34615	-122.01948
-135.27737	-50.14283
-145.10737	131.94559
-91.76697	241.79654
-21.48866	-215.21478
-64.68588	268.31945
-64.68067	268.29734
-121.60750	-81.27395
-145.51864	119.83146
-118.74975	-86.46033
-104.63941	222.49357
-98.78471	-125.08853
-149.02204	78.45411
-41.65598	284.54062
-147.74905	88.76152
-147.05307	94.91477
-135.77926	-33.08273
-116.43514	-88.01935
-116.40185	-88.00633
-116.39590	-88.00460
-116.37652	-87.98611
-130.87518	-47.88259
-137.43215	142.86012
-103.66942	-113.11677
-145.36763	92.28424
-89.86361	-136.39599
-146.49796	57.35701
-141.15029	118.41827
-133.18695	151.18262
-124.71303	175.42487
-131.81697	152.79235
-122.80339	178.98244
-143.48815	48.39743
-142.16333	93.13151
-111.30873	203.13097
-85.95617	-138.56308
-134.41521	-17.15016
-84.14427	-141.00914
-135.21115	133.66957
-114.53360	-81.00905
-114.49310	-80.99952
-140.04501	20.82871
-114.45830	-80.97753
-141.19845	45.83724
-129.23590	-32.48409
-126.97109	158.08264
-104.49099	211.34481
-44.78338	280.11207
-132.83505	129.23623
-135.99221	109.13323
-135.98832	109.14061
-138.07036	78.69341
-136.32722	98.34945
-137.55690	71.28625
-137.62361	65.37075
-136.68536	69.32419
-136.39267	51.30881
-133.42692	109.42868
-133.21565	109.15627
-37.44397	-196.61585
-134.87994	84.49799
-135.34885	58.72396
-124.12236	-28.85422
-124.15311	-28.70332
-124.09153	-28.92481
-123.97779	-29.36257
-134.61315	80.58124
-19.82722	295.21509
-125.40798	-15.59964
-29.76360	-203.65260
-51.12818	272.60235
-132.24943	83.51720
-115.18466	-52.81764
-115.18098	-52.82396
-130.88601	77.36081
-124.97704	124.10679
-124.97320	124.10103
-129.57972	69.52912
-79.89225	238.00987
-93.14084	-104.58398
-128.73955	66.30292
-119.35397	144.80792
-128.11196	63.13784
-128.09822	63.16436
-124.24603	117.62818
-127.49190	45.00340
-120.79629	-11.07845
-37.34308	282.40929
-79.09114	237.50728
-96.05660	-91.76508
-96.03939	-91.80443
-96.01400	-91.84119
-117.52365	-17.20009
-124.56263	36.06874
-124.20113	95.06023
-125.10204	67.26319
-74.16399	242.48990
-116.81188	-13.09657
-99.27493	194.82761
-120.27037	112.05397
-63.19345	-154.26811
-69.11368	-143.38854
-117.93783	122.00954
-74.37340	239.58464
-56.52020	262.13544
-115.47459	-0.49774
-84.18445	221.39413
-84.18249	221.39677
-113.72782	-3.55010
-113.69239	-3.66756
-117.61920	96.50741
-99.29453	-64.37648
-117.83719	53.40544
-51.30065	-168.88023
-105.13405	-38.00224
-105.09460	-38.00626
-105.07267	-38.00547
-116.80295	73.85544
-80.95164	221.56148
-80.94545	221.55493
-52.49524	263.08252
-110.87931	124.73631
-109.34793	131.37276
-109.33281	131.40913
-109.31302	131.45083
-78.38294	-113.54058
-99.79309	172.48645
-99.75811	172.48958
-92.55775	192.78789
-54.42087	260.11828
-113.07977	43.04038
-109.32259	10.09963
-107.86304	3.75936
-82.13076	-98.26718
-100.46619	-33.18907
-92.22430	186.72014
-87.39764	199.61925
-109.79583	44.91070
-103.50586	134.48865
-103.31260	-6.44961
-87.54410	-75.69459
-39.25291	274.52614
-39.24754	274.53008
-106.87274	33.91567
-107.70261	78.57863
-84.02984	201.76801
-98.31590	-24.08444
-105.32784	87.03880
-105.31447	87.04666
-50.21306	260.14484
-86.28005	190.61071
-103.95658	96.66255
-93.22476	165.15322
-83.76650	196.16804
-83.74992	196.16336
-40.14017	271.35376
-102.76109	38.62056
-73.22381	218.66634
-82.18202	-75.74393
-82.14563	-75.72746
-91.37319	-38.12172
-100.96773	95.19018
-97.20170	2.28177
-58.67581	-135.88410
-81.82897	-67.85187
-81.81405	-67.83600
-98.67392	44.79257
-61.37710	-128.14893
-95.46132	6.47647
-95.45025	6.47815
-91.66329	-16.27988
-94.83209	112.15158
-96.04038	91.18327
-95.50469	99.35340
-94.94522	102.07457
-93.53941	15.13846
-94.94987	96.74636
-82.14971	176.74804
-82.12721	176.81209
-94.89160	45.04300
-95.08484	83.77695
-93.71088	41.19910
-93.70849	41.16184
-93.70473	41.23477
-92.56417	97.60482
-46.32166	256.96938
-89.28183	129.50389
-92.68066	89.43260
-74.17070	-75.17097
-85.82881	-14.49208
-88.56657	8.81456
-90.47449	99.82588
-80.87015	-40.71493
-56.92029	-126.00976
-82.21811	-31.77511
-82.66264	-27.37963
-88.62247	55.74143
-86.77365	30.84567
-81.91230	-10.67584
-79.12272	157.78986
-76.45107	166.94715
-67.25529	-79.24786
-83.81065	108.30912
-72.75053	-53.46523
-84.35539	42.20713
-83.20632	27.41624
-17.86898	288.87608
-84.16917	54.73153
-37.91840	262.95759
-67.26587	-73.07099
-61.60190	212.64201
-76.23733	151.86627
-77.99001	138.91857
-76.93074	-8.84446
-19.71528	286.01097
-19.70447	285.96018
-33.56701	-169.41220
-77.59196	127.77634
-70.02719	172.65217
-78.81828	27.72665
-79.44430	56.44444
-78.96821	83.84692
-72.54833	153.57438
-72.42622	-14.09881
-72.13519	-15.25261
-52.91038	224.67495
-52.28908	224.81637
-51.93193	225.00153
-53.83636	-101.95003
-54.96288	-97.43839
-51.53323	225.04245
-69.31181	152.45193
-74.34430	91.85141
-14.18845	290.59935
-69.17953	-14.88005
-57.96977	-79.96924
-64.61943	-43.95223
-64.99937	-38.64819
-70.61895	57.73989
-69.43522	83.65762
-67.21461	11.39650
-59.84610	172.45455
-58.96508	172.04157
-65.30995	98.01676
-49.62413	208.82778
-49.62259	208.82830
-36.96812	246.04965
-61.09483	-9.16234
-63.21320	17.39936
-58.67425	149.22009
-63.03465	85.05938
-37.56106	240.41053
-60.02050	130.21113
-59.97383	130.18536
-62.22149	47.79636
-59.93970	130.17463
-62.21063	47.79404
-50.81490	-60.97160
-57.30543	-7.28659
-59.09992	24.88507
-45.42029	207.86427
-58.08027	16.11478
-58.07826	16.12517
-58.06727	16.16491
-58.05610	16.20291
-58.05256	16.21126
-46.27189	-79.16068
-46.21222	-79.13391
-46.16526	-79.10749
-49.03714	186.50698
-56.31988	31.92451
-48.16665	180.13505
-51.37654	157.12119
-43.32487	203.20143
-44.07150	196.66084
-54.56189	94.35947
-54.55770	94.36546
-54.29348	57.94159
-48.01121	168.95142
-53.84631	41.08598
-43.60632	-67.16735
-50.71460	125.57552
-43.37113	186.25312
-36.77378	215.34610
-36.77260	215.34508
-48.94630	111.57750
-40.18535	-68.94802
-40.18190	-68.92045
-47.80330	8.42714
-42.41973	-48.93434
-42.33339	-48.98510
-21.43380	264.23102
-38.79393	199.80462
-38.79308	199.80292
-42.20594	-49.07094
-48.18600	110.26385
-48.38885	71.61593
-35.83981	211.60506
-46.05053	124.95280
-39.49360	187.92957
-29.60833	-122.64769
-34.87091	-90.82925
-31.75963	224.47350
-39.99203	177.08586
-40.10994	-44.11552
-39.63299	177.23968
-17.43237	270.70019
-45.59245	62.50764
-36.94266	-66.40471
-41.07279	-16.19261
-41.30438	146.78454
-41.30371	146.78216
-34.80966	-72.76131
-36.64270	-54.60252
-42.04439	77.84118
-42.04091	77.84016
-40.24464	128.27970
-36.01061	172.40602
-37.39015	156.11214
-40.60266	67.14276
-39.42233	112.86895
-30.68994	205.96281
-39.18585	90.04291
-29.26758	211.09885
-39.15515	90.21898
-37.50152	108.03236
-37.49533	108.03994
-26.12033	223.54742
-37.54318	98.95740
-15.46562	267.17713
-37.22876	46.26503
-33.84049	-15.21655
-33.51214	-13.79985
-19.39079	248.88727
-19.38287	248.88985
-28.81134	193.42617
-22.60891	229.79768
-25.65443	209.25818
-32.71662	11.78078
-32.67084	11.77628
-32.83004	95.88176
-14.46132	262.89804
-9.13033	-190.46972
-31.32921	113.24552
-25.71953	185.92073
-5.42045	-206.35036
-24.40094	-59.73034
-25.48527	-34.49739
-24.15911	-46.18256
-19.22317	218.83343
-19.22085	218.83539
-19.21636	218.83568
-24.78274	154.60061
-15.18557	-135.64701
-7.67877	280.62213
-26.48774	72.30006
-21.03330	-16.33133
-22.47411	98.28714
-22.47411	98.28727
-22.17621	40.68231
-21.11692	4.79169
-21.20153	99.00516
-13.99053	229.83229
-13.98845	229.82861
-20.71864	118.24431
-13.89738	229.78073
-20.58388	28.86891
-19.06773	40.83748
-17.00889	161.58948
-17.00050	161.59288
-16.99152	161.59365
-17.17593	-13.04930
-17.33521	142.55040
-17.33409	142.55263
-17.82625	99.26399
-17.82499	99.26266
-12.20000	-103.98572
-12.73314	-91.83194
-16.00068	-11.45121
-14.28043	-40.58459
-15.87785	113.31040
-15.87617	113.30401
-14.91297	146.21877
-14.91096	146.21096
-13.69329	-33.20432
-14.30870	5.65601
-14.64351	35.56104
-11.30620	199.16410
-10.65792	-75.03733
-11.06428	187.02892
-11.05894	187.02828
-7.21880	-135.70303
-11.20108	107.71079
-11.19996	107.70622
-4.46924	-168.99069
-8.85209	183.95201
-8.40076	-65.06318
-8.23644	172.82684
-8.23182	172.82604
-9.12762	57.60158
-7.31957	187.79016
-4.47147	-132.60590
-3.19925	-155.01528
-5.86876	172.99088
-6.60583	106.25743
-6.47012	49.89398
-4.91091	109.32449
-4.90586	109.32578
-1.83036	231.72679
-2.32740	176.10195
-2.19613	-51.87906
-1.63581	231.59700
-2.29330	89.90236
-1.25723	-127.27892
-1.55358	13.01067
-1.23385	126.06758
0.15407	111.32805
0.66879	192.99829
0.73025	195.68539
0.73334	195.68650
0.76365	195.71777
0.77586	195.72707
0.81568	195.77736
0.81587	195.77570
1.11697	-34.32828
0.80188	241.06752
1.78906	5.06279
1.81031	-79.39796
1.72181	216.45992
3.05557	21.35023
2.37545	-118.01845
3.25286	246.36598
5.14533	176.48867
1.45689	-199.63625
7.94501	75.72186
8.50248	59.18661
7.91496	167.50608
7.91707	167.50800
5.90832	232.33477
5.91063	232.33545
2.95275	281.88438
9.98251	-14.40404
12.70366	81.60605
10.95407	178.43966
11.20423	-41.18248
13.13310	-44.13704
13.19280	-44.11446
2.92412	291.04472
14.88124	167.21794
14.88612	167.20661
14.91876	167.11790
14.95263	167.02803
15.49745	178.53117
15.50529	178.55850
18.53127	98.29322
18.58325	98.13105
18.63234	97.96776
19.57487	61.94080
19.57653	61.94212
19.27392	27.62306
19.61403	52.70921
5.32043	-192.10683
19.50635	25.31863
20.43930	85.00490
20.44099	85.00311
20.96378	108.08428
23.32532	77.26979
23.40647	77.28228
23.43607	77.27570
23.50261	77.27800
20.75457	181.25008
12.99413	251.34377
9.87583	268.40867
10.03213	268.42684
22.58360	-31.07829
22.59015	-31.06359
25.22810	99.69344
25.22813	99.69350
24.07076	158.30818
26.88834	52.68917
25.86011	131.63617
25.38277	144.41756
10.92029	271.67828
28.95702	110.51330
28.95823	110.51491
14.12930	259.91047
29.62801	134.33823
21.90064	222.97587
27.87134	-44.23560
32.25108	63.90040
29.54525	156.43409
29.55341	156.34025
32.26477	47.07058
32.86555	125.79514
33.83008	98.50717
33.83412	98.50370
34.75625	51.06048
32.94814	145.26973
32.95102	145.26947
32.95412	145.26918
32.99087	145.28142
33.02651	145.29908
33.03792	145.30301
25.63860	-95.39362
35.32963	117.20907
34.43644	154.74110
34.87816	-20.60442
34.94452	-20.18806
29.19683	-86.45580
34.77458	163.98860
32.51419	192.20220
32.51990	192.21076
32.52375	192.21590
39.72500	94.41645
39.85544	98.06259
25.65485	233.14365
40.43163	77.05497
36.00124	-44.29470
35.81717	183.79380
35.81762	183.80987
42.59419	45.47041
42.96958	73.36325
18.85099	264.31846
34.64292	198.14244
34.64571	198.14303
20.15968	-159.43819
38.29914	-54.34371
16.94383	271.99411
44.47008	127.01234
44.47093	127.00735
40.02956	181.54238
41.65485	176.31547
11.13865	286.65407
45.88223	141.16651
41.43947	-54.10203
37.56312	-89.18650
37.53168	-90.64392
42.45086	-57.61091
27.15895	250.74739
39.58988	204.04480
39.62590	203.97763
50.43679	123.58222
45.60872	178.62212
45.65210	178.63697
12.91667	285.55967
34.18893	233.19646
54.01841	48.62844
53.58939	117.67500
45.17705	196.96895
43.29464	-84.58619
44.03048	203.41095
16.32703	281.96549
58.84484	53.37042
59.78866	80.72603
51.87745	182.94983
50.70679	-63.67089
46.88478	-86.02838
40.18317	231.11128
40.18511	231.10887
59.67761	10.23750
61.87342	88.24509
62.03537	88.24230
46.97427	208.96240
47.00781	208.96997
42.56127	226.36204
56.00972	-48.29494
24.70756	-175.79508
60.67901	157.81702
68.25883	71.23340
68.50249	59.67041
68.50256	59.67058
69.12624	90.64724
58.70188	183.61755
28.52621	269.66153
50.26114	222.42779
71.77116	102.52742
58.80344	-70.47278
68.83892	-14.40387
46.17646	236.48453
66.55086	163.73366
56.30968	-87.66728
66.73296	-42.78683
64.58071	-56.41249
74.80151	18.56951
70.93380	-18.87600
74.83388	18.54557
74.72041	120.55430
75.45043	117.83832
75.45694	117.82702
46.71773	239.95985
32.64144	266.61292
69.64885	-46.51627
64.72765	-75.72971
73.65163	-33.50375
80.34677	115.55342
80.34956	115.54415
80.35336	115.53457
82.35075	54.71328
82.35166	54.72131
66.62651	-72.68440
66.61028	-72.76155
68.63565	188.14958
68.63733	188.15066
35.05972	267.90776
84.98308	44.86594
58.43681	225.08052
83.53287	16.29446
27.77162	278.53464
81.76877	148.43973
85.77330	118.51944
57.84238	-119.18067
79.61975	-35.00066
81.77925	-22.91137
88.68399	45.82069
64.30236	-101.18289
88.48441	30.36577
89.57360	97.70507
78.47157	175.89059
86.93557	131.85267
80.00560	172.08453
91.48920	84.72009
80.30206	171.75738
80.33063	171.77152
80.34617	171.78048
80.35477	171.78342
70.95864	-87.78645
90.79112	115.16009
93.02306	59.08461
93.02520	59.08687
82.97180	165.66770
82.98061	165.66623
79.10873	181.55877
77.52380	189.39885
77.53080	189.38648
86.14595	-26.42339
94.18791	40.67836
94.19142	40.68460
81.34380	180.88850
81.35035	180.88683
81.35570	180.88628
81.35689	180.88518
90.79019	145.25734
90.80031	145.26155
92.38214	138.01831
97.37606	38.98957
68.87175	-108.13581
98.71857	90.31498
98.13964	29.08477
98.78972	37.28410
89.49706	-37.97400
99.61132	96.15114
96.88884	126.34760
99.72773	27.33831
102.69948	66.09817
102.70306	66.09719
65.56197	-124.39968
103.90346	64.05081
101.66720	112.49561
82.75713	-79.42868
85.01617	-72.94102
102.37840	114.68062
85.05045	-72.92965
95.19898	159.38611
104.82592	89.00748
104.92661	89.10268
104.33860	109.35886
107.44048	80.91675
107.55912	47.57452
80.83525	210.28988
103.11593	-4.22214
104.00102	0.80848
56.22311	254.17402
88.19739	194.94824
109.53486	32.54759
102.83829	-22.03274
108.28306	117.88472
85.10842	206.34982
104.92039	-13.81050
92.12183	189.56792
104.10401	147.41952
104.10735	147.41733
111.98712	44.90261
93.50653	188.08224
106.11250	-14.34010
33.69282	-191.57475
68.48518	241.09685
114.04145	50.26068
77.55050	226.59240
45.79020	-175.29087
110.54981	-2.04640
96.70991	-64.88665
96.70756	-64.91963
61.33928	252.93431
61.35118	252.93380
114.54496	106.23298
116.14434	86.96460
73.84669	235.45345
116.96029	49.76540
101.58653	-53.46126
114.22671	4.89670
115.22127	120.79013
94.50089	198.43062
110.92693	146.98232
105.28746	169.84794
105.34575	169.93886
117.62704	112.26524
54.53769	263.65203
117.63182	112.27796
54.56619	263.63784
117.66355	112.32942
110.83173	151.90690
110.86886	151.90043
110.89056	151.89080
110.89649	151.88829
110.89873	151.88708
80.81180	-118.33238
91.24267	208.65454
108.29409	-40.48285
101.78636	-64.59851
100.28310	-69.68607
121.13474	40.78259
95.31353	-85.32320
91.72173	-95.02985
118.96923	2.71979
119.04963	2.68727
123.56418	88.71177
124.35692	43.01759
100.96287	-77.53771
40.84884	-188.86396
28.54946	288.72588
96.17604	208.07405
102.71070	-77.13899
110.77545	173.10739
108.13475	180.76184
110.85452	172.99701
119.06782	144.10657
103.52019	-76.33094
47.34650	-181.36223
88.82032	223.88386
82.12238	234.87553
82.12223	234.87578
118.86758	151.28531
124.21416	134.23826
125.24935	129.17396
125.25994	129.14646
119.47249	-34.70620
127.95343	9.54889
92.55415	221.08297
123.01754	143.83888
84.70824	233.80694
84.81526	233.78822
52.09232	271.64732
52.13522	271.65376
105.82694	196.97380
122.18754	151.44639
129.74410	5.61378
134.90841	57.71410
133.79831	27.40206
133.79997	27.40326
126.72154	144.51453
120.10961	-49.75718
137.23873	56.89135
75.58276	250.09233
132.95608	119.95520
113.72613	-75.45217
114.30898	190.37914
107.24053	-96.49954
86.15705	-136.66318
138.74583	113.64492
142.05201	87.77118
130.06701	156.40822
106.04880	-102.42916
143.11905	37.78534
143.12084	37.78480
141.92990	102.91866
101.86036	220.81955
135.38018	-20.51552
129.66957	161.80733
145.94765	53.78116
145.96878	53.79003
146.07851	53.94667
101.66494	-115.86601
142.29001	4.29382
142.31488	4.17614
147.02094	61.39438
143.67820	111.06984
144.19494	15.02743
143.72588	111.07843
147.35330	61.41793
147.41404	61.40709
147.51683	61.39336
147.67065	61.38941
148.13755	74.20512
134.06368	158.11047
134.06507	158.10669
116.10691	-89.69586
139.96905	139.56211
110.26202	-106.19928
126.20675	185.59536
126.20890	185.59555
62.21063	-177.42140
151.66452	52.46312
147.36574	115.71655
147.36998	115.71746
151.04651	85.80934
151.04967	85.77191
151.05410	85.82691
151.05680	85.83681
151.90473	85.90391
152.73116	74.22143
134.32108	-53.57692
135.88884	167.52668
150.39720	112.03908
150.40723	112.01055
150.40497	112.02542
141.09175	-36.56465
154.75136	46.64336
154.75707	46.64963
154.38792	83.47655
154.42647	83.46838
154.45747	83.46798
154.63035	83.72555
154.68444	83.46535
155.02987	81.00233
155.03128	80.98760
155.03663	81.00095
155.44480	83.22194
155.50019	83.13558
155.59992	83.44282
155.60366	83.44513
155.78377	83.09198
155.74201	83.71835
155.76604	83.41747
155.78684	83.46135
155.92488	30.23970
155.92937	30.24143
78.61164	259.17665
159.21231	45.83865
155.23791	114.82270
155.28104	114.83432
155.33312	114.84513
141.71950	-50.95534
141.71415	-51.00728
117.85428	-106.46383
158.53520	97.67042
50.86560	-193.63852
157.86989	0.23984
153.08658	-24.42821
106.91838	233.49161
150.35066	153.57942
162.80688	19.97204
151.18246	-38.76580
164.06040	96.47486
164.25359	96.40786
141.07990	181.46270
123.98560	-107.46069
99.40470	-145.15337
148.27090	-55.50832
128.03221	208.02836
15.44089	-221.54763
155.96432	-35.64297
125.77801	-107.57203
125.78426	-107.58702
154.63746	156.30231
128.01568	-105.10776
157.51414	-35.29545
127.33761	213.11964
172.12989	68.45899
127.35123	213.12102
114.09625	231.35581
173.02454	45.16840
173.02870	45.16292
167.49441	-2.76954
171.71388	92.99990
171.72493	93.00718
163.95981	135.93532
163.96544	135.93287
166.97875	-10.53860
167.01658	-10.56266
167.02657	-10.54421
167.05628	-10.52518
173.84288	78.15683
148.66449	-69.11593
166.83228	127.76184
172.54432	13.72680
172.54609	13.72156
136.84075	203.07685
136.84724	203.07737
143.66436	-84.42850
148.63916	-73.62671
148.64812	-73.62750
146.64667	-79.03610
173.48942	4.66331
160.14495	-50.04787
151.98435	179.39148
38.79491	291.49844
147.60017	-81.53660
125.93085	-121.77918
42.00065	-206.98758
149.27118	-83.81475
117.17364	-136.73219
182.51514	66.48641
184.36660	57.87921
94.93539	258.09883
23.93985	-218.58864
178.98213	-3.68656
184.79344	31.73125
169.83374	152.11562
169.83595	152.11022
175.92917	134.50633
175.97713	134.49207
168.62476	-49.26436
90.52609	263.30522
128.05645	227.88977
83.55747	268.42183
83.75985	268.37407
184.59139	109.46439
174.82567	-38.34114
154.13574	-89.52602
190.52570	57.85654
182.30594	-14.97338
178.96447	142.05801
191.70203	27.53914
139.03331	218.41127
139.03981	218.42058
190.34408	97.62884
136.91119	-123.28314
160.15111	188.01415
193.66888	72.50381
184.36723	131.30782
181.57423	142.07817
135.15677	-127.39062
195.36955	41.84581
179.65369	148.89580
179.66334	148.91071
140.35768	-122.32013
173.37205	167.78949
94.12100	-174.48513
180.87024	150.06733
191.97145	113.83201
181.75223	149.86571
196.92505	21.28067
199.29361	70.51768
155.19681	203.94383
155.14652	204.06504
180.96237	-52.08887
191.76408	124.77621
185.92446	144.77943
175.34832	-67.57121
149.07079	213.74717
163.86794	-92.40252
176.16288	-67.96949
202.00373	35.74273
202.02244	35.73910
202.04047	35.73350
164.59893	-92.59009
196.12687	-10.64847
196.39459	-10.87226
164.25423	-95.84367
164.53898	-96.41935
164.55192	-96.47921
172.29595	-82.68226
190.18543	-41.51661
196.05641	-22.20034
201.80425	2.18946
177.57442	175.21852
177.57742	175.21316
177.58080	175.20920
177.57929	175.21229
153.52793	-118.72559
144.18014	226.07177
144.18870	226.07432
124.28730	246.23321
209.46435	45.71532
209.46505	45.71611
208.98655	33.58608
160.83692	-110.42911
209.17788	81.01667
173.32460	-91.27435
156.79785	213.44686
173.43030	189.60160
209.96399	21.61927
209.96574	21.61879
176.40035	-86.68922
161.14176	-112.50785
102.53608	-176.79743
206.62353	-6.13777
206.62573	-6.13630
187.23186	-66.59433
212.07126	73.23223
212.07143	73.23258
199.75312	136.67276
202.48349	129.12081
209.07123	103.37074
147.90129	226.53332
208.47171	107.76272
159.60250	-118.09072
192.53596	-59.30174
112.88517	258.62139
204.32548	-26.71148
211.15834	1.38721
211.40143	1.37819
203.18433	-33.08782
211.77497	1.50441
185.95841	-76.79604
198.26354	147.62782
215.87396	33.83068
134.64887	241.50376
216.15560	67.75886
134.68974	241.48598
215.31065	87.92417
218.55242	27.04063
207.24913	-31.85541
214.94854	99.87365
202.77967	-45.49994
219.04284	25.64963
157.67525	-128.82386
124.35632	253.25893
212.82783	-23.61018
212.90046	-23.74602
188.45542	-85.40506
172.92045	-111.56166
119.64693	257.85983
119.64221	257.86329
220.37994	2.78428
111.58255	263.67382
186.76789	-91.34692
224.77959	38.02235
172.32948	-115.37000
222.99667	9.74313
202.68801	157.92114
223.86096	12.86691
223.86673	12.86364
218.40806	116.72481
224.88281	91.22636
218.58894	119.95866
224.95875	91.31154
160.00660	-135.34383
200.17669	167.93691
200.17707	167.93734
161.75409	223.59024
92.35876	-194.25453
224.65175	-9.88135
225.73926	-5.30011
230.92637	56.56425
230.92852	56.56129
202.63889	-74.31668
190.74885	-96.81810
231.16032	73.09175
207.19541	160.04640
177.64286	-118.33519
177.66577	-118.33508
208.02310	-66.75382
232.51051	62.32608
232.57024	62.46257
232.57412	62.44275
233.08833	47.44210
233.08851	47.44741
181.86929	202.93213
181.88488	202.96752
229.50082	1.64821
208.97530	-65.82830
208.98332	-65.81983
174.85189	-123.76627
218.20354	-45.64058
234.49364	44.09775
158.23061	231.63464
70.81706	288.17585
213.46537	-59.33049
213.47040	-59.32076
221.91601	129.13539
221.93664	129.07661
176.60328	-122.92334
144.43509	-158.19359
195.01474	187.10701
195.01587	187.10880
200.78845	-89.43089
231.96848	98.10761
231.97216	98.10089
234.79291	81.88863
217.43850	-56.09596
176.53894	-126.70491
176.53244	-126.73532
176.52607	-126.76531
146.87889	-158.66628
60.09134	-213.36522
232.86817	99.63268
196.82248	-99.23971
229.32788	116.49493
219.25556	-55.68294
228.23855	-33.51145
237.19420	85.32041
168.31993	-139.35607
203.07340	-92.32046
238.24178	9.25306
238.57675	81.07637
162.85244	231.75177
241.61866	45.06992
241.68683	45.08859
241.70528	45.02816
144.10017	-164.62798
222.98274	-58.45477
244.42486	40.37469
152.66189	-159.94929
72.30317	289.84463
129.18348	261.59179
245.63404	27.16149
245.63526	27.16384
135.51621	257.91074
228.15259	-56.81014
213.13651	174.73919
213.13900	174.73520
211.76246	-93.65118
175.08924	226.31290
175.08971	226.31630
67.90761	292.31286
222.82311	159.85000
180.22375	221.32149
251.28041	53.55786
236.82972	131.62316
248.80659	87.47642
69.18171	292.38681
233.85660	-57.55664
160.47506	-161.03948
251.75952	10.84615
247.58791	98.79552
133.65688	262.37791
60.24970	-218.22772
240.91502	-46.67407
106.56454	278.57999
199.41748	-123.95720
185.99410	220.69195
231.78944	-71.86717
254.35966	80.07218
192.58907	-132.65205
254.36505	80.26052
189.46323	-136.26877
192.54699	-132.72441
192.52574	-132.78052
182.67841	-143.74757
252.37957	-11.00315
252.39017	-10.95429
252.39950	-10.90936
192.09662	-133.81116
251.30480	-16.52165
245.51517	-39.61542
245.51255	-39.63556
255.35273	80.23365
251.55442	-19.73741
195.05881	-131.94136
259.62823	25.29384
96.64968	284.06435
193.48285	-135.53116
239.05661	-63.25701
187.49003	-143.88685
162.98513	245.31143
179.45766	-152.53486
258.88568	-5.80810
151.08236	255.18802
263.12579	51.89967
250.31137	122.40285
250.37638	122.26211
250.37896	122.25648
250.37465	122.30383
250.42292	122.17383
253.38602	-35.79139
228.20170	172.51946
242.55897	-67.06883
264.05879	8.24987
264.06546	8.24574
200.60706	212.87162
102.45079	283.67343
102.48036	283.66582
260.15824	-22.20897
260.15819	-22.21273
267.36279	38.40449
267.36522	38.40374
267.39267	38.42452
267.42959	38.45329
214.45816	-120.64607
266.52781	8.48027
257.31003	-37.42111
255.17022	122.28824
258.73480	110.89435
194.75775	-147.10267
268.35714	2.20282
270.77641	33.11220
270.78149	33.12408
270.78171	33.11094
266.33380	86.67806
247.82225	-70.68714
232.19684	-100.47968
266.46158	94.55849
223.00341	-116.76261
95.08443	288.36152
191.80152	228.09834
272.94411	20.26990
191.83236	228.11358
272.95197	20.23228
220.67065	-121.53948
273.83886	35.01742
226.60991	-114.13407
267.31302	-23.67621
274.73669	49.69636
274.73678	49.69600
179.34753	240.56726
179.33763	240.58620
246.82970	-83.48589
275.08387	12.58866
257.33705	-63.18130
271.55119	89.98146
238.44120	174.43238
185.03775	-165.61066
245.23740	165.36702
268.20064	111.45600
268.28785	111.57446
268.34638	111.54482
268.39230	111.43870
224.64216	-125.59596
279.08141	13.45705
278.26099	68.75113
279.22026	60.28943
213.65324	-140.38152
279.33094	2.12583
177.30355	246.37940
177.30725	246.37657
281.57122	60.45743
250.82315	161.32121
251.01952	161.47641
251.19151	161.59692
252.39678	159.54714
251.14815	162.05702
251.57798	161.36585
252.28275	160.22758
251.90840	160.94853
282.73668	62.94883
252.35353	160.71618
252.65724	160.23628
252.71152	160.14466
282.86360	65.01412
252.32723	161.05958
153.93656	264.53027
252.93220	160.16289
252.49042	161.15279
252.63535	160.95200
157.69004	262.37830
271.50889	-50.94753
274.12747	-44.61225
215.58847	-146.15760
265.65574	-69.43387
135.54245	275.92696
69.94868	-226.09016
284.68379	-6.87942
281.26018	94.42116
281.25825	94.45410
269.77320	-65.81751
209.68420	223.08113
209.68329	223.08329
221.61614	-143.42700
265.05310	143.68988
265.05798	143.68627
265.05925	143.68543
287.84098	2.48617
281.69749	97.01508
147.10753	270.87500
289.64148	16.09743
29.21300	-230.86373
275.35660	120.50872
284.23055	89.90712
284.25503	89.87767
284.55591	89.97878
284.56037	89.96090
284.69468	89.97746
284.72850	89.96265
290.85840	53.15564
237.98335	-128.07064
286.23975	88.11824
42.86823	-230.78606
286.72494	89.40135
282.53799	-43.15372
233.22551	201.04926
233.22440	201.05507
233.21250	201.08530
233.23207	201.07443
44.68276	-230.87868
106.19240	290.54897
106.23829	290.55019
293.88252	22.46806
293.88287	22.47087
290.32633	-13.49177
133.62571	279.71588
133.62203	279.72074
253.76794	-110.45286
292.32412	69.31546
290.89041	-17.23049
264.54226	157.30576
294.06441	-5.22643
53.71262	303.41666
53.70826	303.42178
294.14551	-5.32100
294.18146	-5.35935
294.18443	-5.36179
294.82125	-9.53089
293.57857	-17.67238
265.56610	-96.99584
235.38229	-140.79904
281.90843	-61.54971
281.91235	-61.61839
281.93457	-61.69161
281.95756	-61.80023
294.63925	-14.26379
294.48940	-16.55496
109.62504	-221.96989
299.71084	36.70137
283.18685	123.05080
56.90700	303.62646
131.96075	282.89179
131.93805	282.92151
284.05205	-63.25888
269.17912	155.51765
269.19686	155.51351
275.23740	-86.89576
292.05271	99.92133
258.31452	-117.72920
293.10972	98.21578
267.31923	162.04265
301.30870	1.31687
299.15100	73.14312
120.01254	-221.56418
286.50628	123.45245
296.26904	92.71987
285.65031	-70.28941
266.51914	166.55389
266.62601	166.43214
273.99943	152.95612
273.98301	152.99567
273.96794	153.03630
52.18805	-233.37580
304.59505	10.85815
23.16849	-232.79573
22.60977	306.28400
304.44521	50.91959
295.98750	-44.04057
303.55852	60.94163
284.51915	-77.35313
301.84936	72.94429
301.85426	72.93506
301.87878	72.87590
134.81421	284.02472
305.71803	15.02226
254.45950	-130.41890
306.03568	34.94985
163.19651	-207.24818
284.86505	-79.80793
165.36598	-206.55908
284.92123	-81.40980
247.76183	-141.55664
89.79446	-231.19390
295.86801	106.67686
295.86815	106.68475
163.13118	271.15662
308.07503	22.14051
290.33075	123.73036
305.85988	61.76310
250.35223	-139.83990
232.50756	-159.75934
247.45145	199.88428
236.70324	-155.59787
257.87989	-130.54327
301.16972	92.23803
301.18550	92.19827
202.15676	-186.71419
289.77004	128.44850
289.77093	128.45111
289.76934	128.45928
255.66573	190.63542
255.65762	190.64888
255.65767	190.65128
255.66358	190.64406
308.30696	54.75447
308.31000	54.75210
237.53350	213.13792
237.54031	213.13738
307.11385	67.27957
298.89824	104.08352
298.90156	104.08488
309.39617	49.19819
310.63786	17.98270
60.30654	-235.35814
246.85384	-148.76566
311.03982	38.66722
40.19380	306.77013
86.96692	301.36224
308.32794	-23.77218
149.45995	280.62524
172.88890	-208.17026
308.22034	75.11204
262.70729	184.77513
228.43350	226.10624
295.42884	123.59176
295.43673	123.58779
226.73014	228.36257
88.52525	-234.81484
178.16493	266.09118
314.50239	29.11476
150.42206	281.09755
283.82911	-101.66299
305.25932	-47.75021
258.70904	-140.49424
201.11119	-194.14945
175.68544	-209.23917
313.18510	-10.47737
258.26960	194.04949
306.72781	-45.65418
306.72848	-45.65235
315.29129	38.63778
301.40916	-65.53788
115.25751	295.41349
314.91078	-8.25442
258.82402	194.72064
267.36457	182.86615
260.15335	-142.47096
313.60356	67.21745
282.24789	-110.03609
50.88080	-237.28982
316.85888	42.10919
301.54254	116.74687
274.20321	-124.73352
310.01231	-42.45337
314.41253	-21.56169
262.99634	-140.96462
301.46810	-72.91361
294.44920	-90.43024
315.34957	67.02037
267.56132	185.46225
314.07461	-29.88651
316.06530	-19.89213
76.60889	305.08907
247.86660	211.26273
318.86351	-7.83201
318.87140	-7.83878
318.89287	-7.87515
318.91396	-7.91948
318.92367	-7.93300
320.10463	5.20223
304.78860	-70.66408
304.80977	-70.63604
315.39881	-35.50351
317.62420	-23.67287
261.74989	196.89178
320.87698	-5.64364
321.30600	-6.80009
225.52783	237.54846
323.22268	5.45199
322.20675	-9.39726
230.90031	233.33373
230.94204	233.30813
230.96945	233.29212
200.85334	-205.41651
200.79016	-205.50818
289.27472	158.65536
323.30198	48.92656
239.44877	-177.63968
47.73106	-239.78820
215.29840	248.01113
59.06144	308.51598
298.79023	142.72920
298.79861	142.71560
326.23374	23.76944
290.95297	-116.00183
159.41550	283.19230
159.38393	283.21379
159.38223	283.21684
318.54172	-47.06794
257.60162	-162.20408
257.59394	-162.32240
268.57944	193.92888
257.58385	-162.44439
230.56372	-188.17578
238.58302	229.20698
237.20808	-183.97330
327.00526	42.30616
218.59492	-199.36662
327.94818	0.98264
199.80425	-211.87810
322.29100	-42.79371
322.29934	-42.76892
236.87113	232.24012
299.64630	146.89261
326.70757	58.51741
203.68570	-210.35126
320.14098	-53.96979
263.28444	-161.16059
328.82301	-3.75015
258.37594	-167.13207
245.68483	-179.86685
204.20131	-210.75066
306.68087	-94.20302
256.88999	-169.04922
256.83171	-169.15192
256.77730	-169.25341
306.35438	133.99764
249.93874	-176.24668
211.62245	-206.56415
229.69661	-193.93503
207.50649	-209.32080
323.47609	-44.86723
207.28486	-209.52032
206.09848	-210.40532
256.12171	-170.98712
205.91507	-210.67070
205.75863	-210.77443
317.43757	-68.44393
323.01292	-48.68551
111.92884	302.35901
207.60389	-210.79342
320.34225	-61.98376
214.19923	-206.77606
326.85115	-35.19880
200.32605	-215.39876
209.75262	-210.13044
202.20521	-214.74427
202.20991	-214.78302
321.16958	98.51033
325.27647	-47.54665
210.59951	-210.39646
318.75859	-71.67050
320.51655	-66.23506
291.66133	-129.79320
203.39016	-215.00796
311.19099	-92.20760
215.50567	-207.79443
323.13554	-57.75581
323.16588	-57.79858
323.18198	-57.81563
215.70820	-207.78569
331.69778	-12.12023
323.21494	-57.87392
322.88541	-59.25254
215.81907	-207.82970
329.29394	-30.74731
216.01619	-207.76826
261.65482	-169.55804
214.81812	-208.62486
333.15376	28.38970
327.75642	74.29550
209.28619	-212.11291
208.01100	-212.89424
208.05436	-212.90688
331.32654	-18.83489
244.54309	-187.34715
333.20096	-6.89457
215.09310	-209.61969
289.60642	173.50933
215.14903	-209.76030
95.93243	-246.46605
332.62306	-17.10993
211.76756	257.92401
321.37563	-70.45841
321.31414	-70.68465
321.32902	-70.66415
221.85733	-206.13454
221.76850	-206.19873
232.11546	241.99741
333.45256	-14.39128
36.49727	-241.03722
220.84588	-207.22582
212.94461	-212.34483
212.94518	-212.36188
63.53331	310.64595
97.52794	-247.38283
333.07819	56.37236
216.98926	-210.93029
82.75060	309.40929
196.08489	269.55710
299.93233	158.88946
299.95666	158.87242
320.13718	-80.04813
211.53619	-215.13619
211.42917	-215.26950
211.06461	-215.56887
260.98993	-176.24763
265.20321	-172.08210
333.58235	60.58000
224.65019	-207.43569
50.37907	311.25531
218.79341	-211.43721
218.72960	-211.52484
269.09426	-168.46486
269.11537	-168.50121
269.13804	-168.49062
269.02484	-168.62184
274.92510	198.92576
215.87763	257.12030
215.88601	257.11842
215.89553	257.11511
221.90002	-209.90159
223.13428	-209.18747
330.21633	83.30349
336.71548	-13.44731
296.94172	-132.99938
225.24019	-208.98042
229.90879	-205.75800
225.40337	-208.91375
335.87761	-25.51830
336.74790	49.75266
338.62778	2.80203
308.15382	-115.04648
311.50185	-108.50816
336.89182	-21.24081
276.20064	200.32814
338.62026	39.72995
313.08536	-107.08886
337.73749	-19.77587
127.26714	-248.59766
325.25277	107.42695
230.16116	-208.00322
334.90866	-39.97385
231.84289	-208.27827
231.86018	-208.30269
231.97084	-208.25562
231.83634	-208.39850
203.38583	268.74260
338.13753	58.27799
108.51780	-251.78705
336.96923	66.51057
162.30017	291.18414
162.31644	291.17842
147.95633	296.88687
239.33685	-204.89683
239.25135	-205.00517
239.22080	-205.07297
323.32672	-90.48708
239.64326	-204.93058
238.88781	-205.57173
145.21064	-248.31545
239.17623	-205.40868
239.76562	-205.05695
239.94961	-204.92578
239.70597	-205.12162
239.62120	-205.26574
239.82092	-205.11851
239.80368	-205.13197
238.43176	-206.18691
239.66207	-205.25104
238.21394	-206.39889
237.91709	-206.62776
238.38534	-206.29916
313.17228	-115.32619
237.60064	-207.25360
237.76100	-207.14566
239.28414	-205.99873
237.12388	-207.63097
339.62843	57.57953
237.91962	-207.07681
238.55614	-206.60578
238.27773	-206.84436
238.43186	-206.74205
238.90663	-206.39066
239.11957	-206.23761
238.72781	-206.54509
239.33105	-206.09259
240.12317	-205.53635
239.50782	-206.01239
240.25268	-205.45041
240.09281	-205.64106
240.26552	-205.51177
240.92009	-205.01801
239.50371	-206.13711
239.35530	-206.35124
237.47536	-207.81499
237.30900	-207.95880
239.42350	-206.37884
237.07608	-208.14649
236.84461	-208.34798
237.78912	-207.64596
237.90926	-207.57257
239.09290	-206.68681
239.27416	-206.56324
236.67456	-208.51669
328.92323	105.58729
238.93979	-206.85305
238.79043	-206.99324
237.62171	-207.91493
238.38432	-207.34597
237.14882	-208.29303
240.90804	-205.45914
237.82758	-207.82491
238.75610	-207.13545
237.27822	-208.26250
237.68003	-207.96453
238.88211	-207.06379
237.43342	-208.16328
240.23098	-206.14636
238.85748	-207.19444
240.15588	-206.20902
238.12245	-207.78735
238.28867	-207.66784
338.95980	65.11259
239.85277	-206.51696
239.66338	-206.66632
238.16964	-207.82831
275.60245	-173.11069
240.51826	-206.07008
238.01863	-207.97794
275.70146	-173.02407
240.76845	-205.94080
240.58774	-206.08354
241.67725	-205.24141
236.54698	-209.12850
241.20201	-205.63681
240.79747	-205.96882
236.59955	-209.17415
237.44867	-208.70729
236.94620	-209.10353
239.64207	-207.10779
240.08877	-206.78432
237.42314	-208.86143
237.89123	-208.52563
240.68924	-206.41162
240.45475	-206.62672
241.56216	-205.77837
158.54683	294.06734
343.39362	-2.52033
240.66458	-206.57541
240.04083	-207.15948
99.44699	310.45249
241.89141	-205.89548
240.54862	-206.99285
240.29305	-207.19940
240.38413	-207.13174
239.85937	-207.76186
311.22867	-123.74161
338.26951	-49.16502
90.22045	-254.46973
344.63065	-2.54051
251.70029	-199.85365
337.32088	-55.96337
199.82631	-233.99542
262.95459	-190.05075
200.71350	-233.79238
321.95689	130.98327
321.96418	130.99142
195.47945	277.81623
252.21680	-201.59208
252.10752	-201.69862
347.17198	24.58924
285.58851	-169.47755
285.60769	-169.46053
279.31912	-176.98070
108.40583	-257.68625
210.77444	-232.37092
254.96123	-202.60556
52.99135	314.47167
257.86832	-200.13302
220.78425	263.15201
348.12564	26.71298
261.04154	-198.13801
189.31288	-243.84311
330.28636	-93.90496
330.29283	-93.89131
263.53591	-196.29073
263.50466	-196.35308
238.90579	-216.89684
280.09992	-179.50592
252.92309	-206.20043
252.89419	-206.23633
337.61960	-73.37988
349.11073	-5.53729
349.56855	2.54556
314.19450	-132.62127
91.44397	314.57044
96.37311	314.05498
347.16902	-35.41901
219.54554	266.23039
345.26837	68.33036
276.19297	-187.41222
268.85937	-194.99323
268.89759	-195.00431
267.84140	-196.24050
267.93615	-196.14906
267.81309	-196.34074
74.34850	316.13338
270.83688	-194.62880
270.97499	-194.50121
270.94684	-194.61398
270.81564	-194.74987
274.09166	-191.60282
328.24266	130.70906
317.44826	-132.17872
249.88981	243.67596
346.06097	-52.68245
278.05515	-188.83771
276.19478	-190.92997
276.13287	-191.05582
346.00635	74.50092
280.78977	-186.16579
337.06562	-88.53324
279.98319	-188.21669
299.65088	-164.85296
299.56482	-164.98257
132.47883	-264.30812
301.74105	-162.20147
286.61826	-182.41313
329.28435	-113.34672
86.90521	-263.14126
281.57985	-189.11145
281.79557	-188.88863
281.44753	-189.30195
281.67986	-189.07743
183.83097	-254.96646
289.50279	203.14854
288.85483	-181.04511
242.25810	-224.87693
322.86758	-128.62489
341.17446	101.48007
291.67486	200.52939
267.57181	229.28710
331.06881	-111.78089
85.22526	-263.77986
351.34606	57.98248
306.63010	-158.01663
232.71504	-232.74416
295.48563	-174.73651
342.28785	-82.74538
164.00699	300.80912
158.52331	302.99793
68.22678	318.27427
72.73536	-261.97691
68.25083	318.28007
209.15644	-246.85937
209.12751	-246.90194
292.07176	-179.84447
105.00211	-267.42843
292.26031	-180.05867
335.80411	-103.79865
294.90226	-177.43368
347.82957	-65.92889
343.65423	-81.89741
296.66891	-175.72456
300.48552	-171.65808
211.09942	278.44788
191.69791	-257.56764
321.02627	158.33594
128.10386	313.65332
331.86598	-118.49863
258.13511	-219.13028
197.95624	-255.95519
323.55958	154.25865
300.60522	-174.47457
255.68884	-222.02955
111.42570	317.30982
217.48176	275.59807
217.42573	275.63619
217.37826	275.66830
310.22026	-160.76076
174.72424	-264.57729
313.33126	-156.03126
309.58728	180.07705
310.92646	-160.03891
305.59198	-168.07670
308.36941	-164.08582
357.42970	36.80357
308.40717	-164.13484
308.30632	-164.28724
304.15545	188.87706
312.69891	-157.67355
304.07624	189.02210
304.03340	189.11374
312.98137	-157.48108
312.06159	-159.04208
358.31950	29.68518
313.43863	-157.29101
313.33550	-157.47413
352.14447	75.30830
352.54748	73.42832
352.63644	73.03836
312.30993	-159.60139
311.68264	-160.61524
56.13862	-260.70961
359.51869	11.95770
316.58764	-153.10429
316.75784	-152.82801
316.44184	-153.40676
156.47280	-270.51641
315.88348	-154.67277
314.54676	-156.91280
314.34389	-157.30991
314.39336	-157.24450
314.40058	-157.23377
319.37520	-148.84743
357.21654	48.08849
357.17691	48.41391
357.19615	48.27021
341.77972	115.74603
320.16251	-149.64654
331.91882	-126.83258
331.89715	-127.11938
39.43040	317.44556
39.45423	317.48542
39.46956	317.52176
308.66226	-169.27867
133.54017	-275.63074
325.57309	-141.22685
324.78297	-142.90515
324.95823	-142.58006
332.90941	-126.51346
324.25427	-144.25550
224.84164	273.71081
165.63786	-272.18254
165.61965	-272.19526
258.88212	246.44075
285.98135	217.73030
360.05769	-27.55783
328.56905	-137.46530
328.37639	-137.88240
328.31053	-138.01782
328.41467	-137.84562
327.25867	-140.28435
327.27214	-140.28812
327.28568	-140.30872
329.00146	-137.32305
330.60507	-134.26424
330.96291	-133.61978
330.99899	-133.68333
330.92793	-133.83327
330.86490	-133.98582
302.45690	197.27838
334.36927	-127.76310
334.25809	-128.02756
334.37546	-127.78894
334.40298	-127.78869
331.99190	-133.41935
337.30985	-122.03611
175.87857	-274.38490
341.32153	-114.52453
341.34442	-114.48798
341.36854	-114.43091
341.34439	-114.52364
341.31917	-114.59389
341.32828	-116.86136
359.04638	-55.01096
359.06024	-54.94993
344.80968	-107.94722
199.43596	-268.65178
347.41749	-101.92639
147.03023	315.41219
365.14921	-2.33217
135.14040	318.83322
64.53095	-271.13433
340.24084	-123.14375
350.30541	-95.80378
340.23808	-123.92347
342.27490	-118.96327
340.21060	-124.02854
350.31263	-96.57548
209.54649	-267.26713
225.92768	-258.88337
303.81199	201.13046
354.41477	-83.81909
343.66853	-116.82482
353.90122	-86.61547
365.98799	23.05996
40.81296	-261.20320
321.40296	-164.74647
356.99740	-78.02570
358.41692	-72.51088
358.47689	-72.25120
358.44571	-72.44946
358.45126	-72.48323
358.40060	-72.74822
354.31856	97.20661
362.92365	-53.33133
362.96734	-53.17469
362.90187	-53.63522
362.93242	-53.54737
362.96689	-53.38054
362.95813	-53.60783
349.24650	115.67971
363.03498	-53.85008
363.00809	-54.08144
363.03009	-53.98454
363.07220	-53.78937
234.94205	-257.97683
363.04292	-54.08412
248.74959	-248.77203
305.79270	-191.22180
222.81480	-265.95842
22.86224	-250.57715
222.76614	-266.02598
366.31849	-34.52015
366.30203	-34.70172
366.80875	-31.38456
366.74169	-32.36316
92.60379	-286.57268
366.77437	-32.17330
217.75075	287.46151
188.66425	-282.10446
366.82221	-34.48823
198.96071	-279.02731
310.41705	196.52224
140.52147	322.07753
368.12983	-24.62265
368.16782	-24.31298
368.14260	-24.71614
326.92906	169.99874
356.17456	-91.31572
269.40557	-235.02180
269.39257	-235.03681
368.48442	-21.94464
361.72357	76.58805
246.24868	268.24612
181.82359	-287.03490
369.86020	-0.52389
183.43232	308.14061
156.75247	-293.99290
370.23921	0.45843
370.39058	2.05776
370.40235	3.14266
370.40244	5.66932
370.43004	5.36190
370.44634	5.85431
287.89919	-219.27753
218.32120	-274.26611
370.49934	5.89255
370.52416	5.98283
370.54625	5.76915
370.54173	6.48861
370.54989	7.10168
243.97156	-258.81841
284.89131	232.52904
270.89774	247.55472
271.10543	247.36129
179.54907	-290.71898
370.81953	-1.81900
227.83961	-270.22933
358.23232	96.71480
369.87374	30.71140
77.92406	-287.84056
329.93345	-161.04611
163.34122	-295.49067
137.36856	-298.56743
63.23920	-281.94388
49.56717	326.97626
174.72793	-293.97372
370.85080	23.05130
319.89432	-179.44575
366.18224	-59.31507
343.13825	-136.83090
245.02905	-261.83662
153.26482	-300.09118
366.59213	64.48473
216.35609	-279.86053
194.60177	305.85589
372.22863	1.69938
275.87249	-236.41127
176.69811	-296.04531
275.85557	-236.43372
371.80230	-16.71514
130.04521	-302.39652
129.98318	-302.42693
254.74429	265.33660
181.47562	-295.19343
358.43500	-97.04197
368.35938	-52.66775
355.20553	112.40301
105.30393	-301.36071
65.05480	-287.37246
250.91154	269.42955
318.28424	-186.18600
125.24055	-304.60653
68.61511	-289.79127
373.03483	12.26073
332.42386	-162.86231
370.96118	42.94438
54.75343	-282.90998
83.56030	334.78452
356.72190	110.20832
189.73850	-296.01472
96.46855	335.13494
41.61685	-274.02290
319.84494	190.74183
226.16496	-279.07621
57.49432	-285.64617
147.78959	327.27023
147.93023	327.24968
367.55767	-65.14593
344.27985	144.85470
133.57893	331.18488
202.20602	304.90172
116.95688	-308.07514
330.42614	173.82293
330.52100	173.66785
121.67182	333.97961
280.04083	-237.96615
145.89653	-309.70087
314.77339	-195.79127
368.63135	-63.66777
333.85023	168.31582
333.84783	168.32366
362.44085	-92.09738
313.96400	202.14282
251.38645	-264.93206
320.23659	192.86929
320.20683	192.93422
150.08490	328.86981
320.18248	192.98478
175.41539	-305.85676
190.95962	-300.84798
322.76473	189.05316
357.56825	-109.93157
277.53171	-242.85227
277.48962	-242.90044
154.99395	-311.69037
370.69596	-57.41374
323.48053	-184.85926
296.35428	227.28679
323.43581	-184.95106
323.40897	-185.01201
297.47062	-221.51925
329.32019	178.69869
103.37691	-312.49124
263.40517	263.24222
313.27671	205.25095
185.46179	316.89686
78.73577	-305.48920
52.18041	-289.89415
316.45942	-197.02529
127.02793	336.55072
249.91093	-269.70568
97.60500	-313.59567
190.86099	314.94565
107.56287	-316.25871
63.84811	-299.85217
122.07712	338.33901
192.36512	314.49762
193.41950	314.06410
189.36109	316.12295
116.30084	-318.18670
190.11756	315.78563
192.26057	314.72877
190.84178	315.50419
347.00812	145.07778
302.45455	-218.16045
189.35991	316.45738
189.64997	316.31672
320.43732	196.06317
187.58048	317.58812
251.62859	275.48021
249.82147	277.14906
247.57493	279.02123
247.30252	279.24609
247.00795	279.51169
180.78797	321.06928
376.32599	-21.69962
56.80325	338.61864
24.66186	325.51049
269.56645	-256.71526
68.72801	-308.85199
371.04253	-67.73837
55.32106	339.49041
179.37857	323.31258
80.81189	-315.92084
212.40990	-299.77295
251.23219	-273.61644
281.75066	-245.42155
107.28604	343.86449
115.94545	342.92535
320.37060	198.38938
69.31439	-311.44811
36.04406	333.08921
52.59125	-300.68670
138.67859	-326.12597
234.30260	291.60006
228.52884	-291.37277
58.52641	-307.72785
330.94389	182.01875
299.19749	229.43900
191.24569	319.68550
190.35012	320.25766
189.90305	320.52645
189.58922	320.70081
218.23821	304.34041
117.90730	345.50102
48.47716	-303.51229
46.20746	341.37194
254.28926	277.65951
327.28722	189.93279
2.36684	-235.53487
175.71417	328.85968
176.30666	328.60140
176.32929	328.59402
57.16778	345.90720
352.86860	-137.11415
160.82995	335.28135
153.77653	337.86787
153.85444	337.91152
152.70513	338.34811
223.65648	302.13065
377.00865	41.66081
377.00185	41.73613
113.49636	348.58164
78.68014	350.24403
40.97754	-301.67903
40.97695	-301.69391
200.90460	316.89000
366.88975	-95.84952
168.42588	333.07304
189.31821	-319.40142
379.60130	0.73933
237.17637	293.10347
149.18446	340.87403
173.39679	331.45352
163.69628	335.59940
137.46976	344.80624
141.89371	-336.73280
137.11834	344.94126
146.54177	342.49712
91.67591	353.27047
174.30832	-328.31722
142.57131	344.34544
77.21289	353.66945
142.21274	344.54310
66.97935	352.61409
141.38424	344.83003
141.47907	344.83294
111.86314	352.05942
131.33572	347.93845
69.42033	353.44852
273.13834	262.46244
102.84012	-343.25004
330.48067	187.03250
99.40117	354.21998
15.80703	-271.06829
57.43234	-327.57943
68.20633	-335.10172
68.17710	-335.09992
48.68439	349.63855
348.00575	-152.34311
363.22871	112.37444
68.52982	-336.44704
68.51908	-336.44627
165.32999	-334.33803
113.23460	353.52938
182.92959	329.51264
81.68610	356.92179
68.85483	356.40027
104.70274	355.73410
108.94704	355.23867
108.57574	355.36649
136.12826	349.16255
263.77949	273.06863
93.55117	358.51488
16.06970	331.48240
69.65060	-344.87226
93.02896	358.66291
72.90001	-347.30238
72.67424	-347.31714
22.97988	-298.80306
81.15700	360.64201
13.25679	329.54965
150.70652	345.69027
150.51400	345.78141
154.55676	-342.76007
253.31504	-283.14526
15.68320	-285.57840
85.75697	-357.58373
21.16762	-305.72036
41.34635	-339.21123
38.46384	357.24576
97.29580	362.46444
191.19395	328.26844
59.87211	-357.86719
25.47300	-323.86207
50.55904	366.22519
176.92366	-336.33427
143.32723	-351.02733
60.13368	-363.06754
35.91246	-352.03670
35.83813	-352.01790
35.75513	-351.99727
35.67399	-352.01093
49.41552	-361.82694
57.79516	-364.69816
114.42562	361.75473
22.70429	-332.54558
32.22998	-352.68563
6.09781	329.75607
15.30714	-321.97136
27.35911	364.45260
25.43183	363.34297
272.39467	-267.31237
35.05795	370.23586
26.96288	-356.08721
26.80985	-356.06690
26.77473	-356.12926
26.66760	-356.06611
26.67943	-356.14923
26.66814	-356.14924
26.66564	-356.15841
21.65407	364.93721
11.42412	-322.27092
66.95105	373.44878
41.50083	374.05255
13.67961	-335.04795
18.79262	364.50526
35.74370	-370.10835
54.53264	-373.66695
15.01414	-345.99813
12.43038	362.61874
7.09642	351.18568
19.71152	372.92623
9.41003	-344.54608
9.40522	-344.54272
11.24658	-356.76071
27.60636	378.27882
4.14338	352.84661
8.34839	-362.20235
8.34052	-362.19985
28.43634	379.72620
2.23078	354.08638
3.33478	-351.17039
0.74825	332.13455
1.80134	353.13976
1.79366	353.14210
58.34481	377.41148
2.09802	365.64661
1.29015	361.79680
1.31249	363.26178
0.72933	-370.94869
0.29965	375.33518
-1.51691	-355.70068
-199.94367	325.43392
-10.48447	-371.98567
-8.65533	-366.63402
-370.56184	-92.62348
-17.22021	378.04949
-20.30802	-377.11412
-21.74256	378.40403
-34.07458	-378.85515
-35.55928	379.10082
-35.71378	379.08349
-7.84849	364.18069
-7.55773	363.06149
-8.12422	364.21672
-8.52177	363.24394
-4.79399	348.36673
-4.85226	348.35273
-8.54975	359.48735
-28.75187	375.52611
-35.46105	-372.98418
-12.70700	360.21899
-20.21842	368.45143
-98.48767	-367.90955
-98.63892	-367.86686
-98.69227	-367.85314
-24.99665	-363.99920
-16.54537	364.06286
-1.22144	314.87729
-1.23731	314.98829
-1.59258	316.73212
-1.59387	316.72986
-89.19521	-369.51548
-27.28874	-361.50435
-146.08304	-352.08728
-20.13883	-349.13365
-38.65271	-368.38983
-2.63020	319.12483
-46.77856	371.75493
-74.47152	-369.72414
-12.33668	-313.25502
-41.74805	-363.09839
-26.66486	361.66552
-100.54441	-364.72235
-23.33002	358.69032
-29.47539	362.90439
-33.74554	-352.40414
-53.59541	-364.28526
-53.76401	-364.25607
-53.95220	-364.22308
-43.80122	-359.60821
-47.39831	-361.18768
-49.88652	-361.37587
-361.56592	-122.10686
-27.42888	359.03373
-251.64526	286.41647
-49.28199	366.91482
-369.40906	-95.60136
-27.54848	356.68277
-150.63232	-347.88866
-31.95644	358.46481
-28.79887	-330.44179
-33.86831	357.97979
-152.03962	347.56367
-152.13237	347.52565
-152.24996	347.47664
-184.43260	-331.66589
-184.58187	-331.58502
-184.72528	-331.50688
-72.63383	-357.66456
-38.23007	357.48569
-7.83929	-265.94257
-4.45537	-251.57627
-380.02544	-31.54382
-234.27137	-299.31792
-29.40664	351.15085
-77.33273	-356.87021
-92.27683	-357.25486
-377.41531	-53.38294
-375.39737	-65.92458
-375.39954	-65.91140
-367.55334	-100.67016
-345.29735	-160.91680
-25.42649	-308.66375
-79.26248	-353.87056
-57.21258	-345.45795
-60.98744	-347.39650
-57.65323	360.09197
-239.60280	-294.20302
-68.38753	360.72605
-31.21057	-314.66584
-377.69114	-49.63336
-115.75647	355.68464
-70.15300	359.10824
-119.60252	-349.99339
-178.91001	-331.12249
-95.74715	-351.04881
-28.64059	343.84609
-15.67490	-279.05185
-97.36586	-350.68106
-109.37500	-350.10452
-193.02422	324.98896
-75.84384	357.48989
-58.85106	-334.21415
-58.92989	-334.20717
-68.24107	-338.87840
-259.26484	-275.81072
-5.08429	-246.13282
-108.90150	354.40826
-188.73106	326.31572
-41.09529	347.47872
-36.18442	-307.02881
-222.92563	304.90988
-222.73137	305.04284
-115.93800	-343.82898
-288.96206	-244.66240
-181.13274	329.39849
-40.41935	-309.25826
-48.85003	347.87736
-28.08030	-291.26776
-105.99218	-341.31849
-153.53090	340.40692
-55.82938	-321.29256
-50.86865	347.55649
-60.56376	-324.02746
-149.45026	-335.29176
-329.26818	-187.21809
-261.00362	-271.54316
-60.02717	348.92799
-106.81795	-338.37518
-57.01058	347.54913
-140.37346	-335.46354
-140.36066	-335.45744
-140.31875	-335.46182
-74.99665	-328.69428
-376.16364	-49.17927
-376.17603	-49.08114
-376.15763	-49.19620
-376.15442	-49.22000
-374.28659	-61.39628
-69.54837	349.36776
-60.23188	347.37535
-63.40040	-319.97324
-100.79686	-333.40813
-229.07070	-294.80443
-229.06014	-294.81122
-110.64416	-333.38801
-162.74360	333.67509
-122.25442	-333.06573
-57.72275	-312.01213
-70.11317	346.80993
-243.21548	-283.30981
-59.86243	-311.44570
-252.49795	-275.40670
-252.26767	-275.59419
-252.20035	-275.64279
-251.81178	-275.95204
-172.64660	328.42108
-310.31261	-212.86291
-352.12235	137.62019
-234.78466	-288.26592
-58.32155	-307.25907
-87.24652	-320.64742
-218.42310	-297.35566
-94.33402	-322.47667
-98.68514	344.38538
-186.46265	320.23348
-186.43211	320.24691
-186.72044	320.10289
-65.94598	341.95346
-369.87788	-73.98342
-82.22322	343.75448
-217.93517	301.82271
-85.12759	343.07011
-74.02511	-310.30274
-293.26490	234.05724
-199.31450	312.08391
-184.65564	-309.97270
-214.25817	-296.11281
-186.54528	-308.44813
-186.67255	-308.37105
-251.37287	275.03079
-230.22223	-284.64063
-51.98326	-291.19104
-155.44546	-314.77030
-370.98098	61.68452
-206.34786	305.70210
-206.51218	305.56530
-206.51114	305.56351
-206.67363	305.43261
-284.04411	-237.37880
-73.11344	338.25279
-226.48747	-284.94595
-229.54095	290.60065
-140.17096	-314.71214
-118.97830	-314.23158
-315.49117	201.26484
-344.23734	148.80209
-91.68223	338.30665
-374.34549	-23.19605
-370.64865	-55.60681
-370.66351	-55.48391
-374.93549	-8.66408
-48.82715	331.93956
-352.50367	-123.95123
-233.63427	-278.22086
-368.42515	69.62985
-74.06283	336.53051
-72.63427	336.31712
-112.37728	-309.49840
-228.96145	288.99521
-373.82667	23.94931
-337.38983	161.00122
-370.60595	-51.20404
-373.97542	-17.13415
-105.42148	336.08492
-120.07720	-309.10771
-373.40650	-24.40409
-373.41178	-24.22926
-201.41844	305.70741
-80.02139	-298.86071
-82.86992	-299.40240
-55.47394	331.94632
-372.16314	38.13354
-131.88774	-308.23789
-204.55225	303.46536
-165.73607	-303.96762
-38.75267	-272.15984
-104.68057	334.98810
-83.68810	335.24059
-364.58179	80.54885
-134.34592	-304.99553
-214.70007	-283.25940
-111.93168	333.01330
-192.13896	308.26405
-223.38888	289.74084
-147.30847	-302.78671
-102.89975	333.20060
-243.87980	274.18884
-365.81448	69.18373
-124.57062	-301.45173
-179.73885	-293.49587
-359.24408	-90.02341
-274.94788	244.75508
-79.95114	-290.04743
-266.92151	-242.77738
-335.24518	158.55875
-365.88637	64.52187
-365.83067	64.77928
-364.54246	-65.95790
-351.04681	-114.47925
-111.64950	330.24084
-351.07335	-114.33735
-129.40700	-298.67037
-351.13001	-114.13740
-89.35841	-292.00300
-102.92665	330.86192
-102.84340	330.85922
-102.86658	330.83933
-102.95228	330.82404
-103.14291	330.78827
-184.89324	308.88360
-103.09367	330.74941
-103.17326	330.72292
-118.25394	-297.28744
-106.18217	330.06169
-366.90521	-48.55970
-232.77369	-266.28075
-335.40988	-149.13491
-124.56344	-296.50726
-264.85604	-242.04415
-111.36734	-295.16776
-241.62074	-260.05647
-253.42849	-251.38978
-347.05678	-122.58143
-239.61109	274.39260
-323.54641	-169.82363
-76.56211	329.63803
-152.50438	-293.53181
-192.21521	-283.95942
-192.23770	-283.94568
-361.53307	-71.54093
-109.26947	328.36529
-246.24654	-254.46676
-346.69825	127.38236
-326.95780	170.06540
-326.98373	170.01434
-121.23730	326.43158
-91.57692	-288.09200
-124.28879	325.85259
-121.46454	326.31413
-168.30028	313.45944
-121.90987	326.19715
-124.72714	325.69067
-361.46920	-69.85200
-124.47929	325.72892
-361.44664	-69.90863
-124.01207	325.71123
-124.25600	325.61033
-120.79374	326.16820
-120.61821	326.19186
-123.57741	325.65818
-123.80941	325.57634
-122.04835	325.87637
-123.60645	325.60119
-124.67600	325.35103
-122.75025	325.54987
-122.23758	325.57472
-126.15745	324.86220
-124.27286	325.20499
-122.07888	325.58364
-125.91196	324.88969
-197.52240	-279.28354
-123.46612	325.29769
-126.34680	324.73447
-34.31641	320.42673
-141.81663	-291.58294
-314.33248	-180.63301
-86.49273	-285.14048
-308.41355	-189.12544
-271.85843	-231.04888
-271.84623	-231.05786
-122.33623	325.29029
-125.12217	324.79223
-121.36083	325.43064
-218.21939	287.13474
-126.44992	324.52253
-125.10878	324.73675
-125.32584	324.69563
-125.44911	324.63070
-126.26069	324.40711
-144.58004	-290.56589
-23.39674	316.38330
-323.35019	-165.20034
-323.35999	-165.17701
-239.84139	271.50406
-329.48021	162.71008
-315.98517	186.32350
-260.37380	-239.52340
-126.55468	323.75892
-260.41875	-239.46937
-120.58981	-289.15975
-239.11665	-254.86948
-128.16081	-288.79447
-365.78899	-30.55338
-302.41976	205.46562
-257.69904	-240.04598
-140.96383	319.67338
-364.41204	47.89435
-314.89012	186.52596
-287.93741	-210.75568
-137.52392	320.19416
-119.58280	323.69094
-293.27905	-203.86009
-222.17412	-262.76227
-146.93860	-286.09280
-61.63322	-271.69859
-107.10434	-284.23436
-361.66483	-50.69671
-175.79422	-279.73732
-253.17876	-240.19384
-347.91446	-103.83177
-331.36946	153.95953
-331.42773	153.78097
-331.42773	153.78084
-331.60598	153.37897
-318.31350	-166.16249
-318.31880	-166.15330
-310.41076	-177.85044
-184.85495	-275.45127
-350.65037	103.47581
-333.04956	149.35354
-365.23483	3.97349
-351.27106	-90.77387
-262.80601	-230.52056
-90.59769	-278.80203
-178.05307	-276.44757
-129.73444	319.70988
-166.01445	308.44340
-165.98630	308.44488
-26.42424	315.66523
-99.22421	323.21700
-361.16404	-36.33269
-90.81196	323.37246
-266.35824	-223.54372
-358.30477	63.07525
-328.86117	-139.50371
-229.28654	-249.39423
-108.37866	321.10378
-333.68915	-128.29009
-325.26418	159.19313
-354.23345	-66.02915
-132.22623	316.38325
-301.82934	197.01975
-221.98716	276.15959
-197.25402	290.96906
-38.34866	317.54589
-146.01263	-275.34132
-360.35582	31.93356
-63.38245	-265.26507
-170.56559	303.17338
-190.08173	-264.51515
-190.09237	-264.49736
-360.56464	22.87690
-213.70217	280.67558
-294.03386	-188.78690
-116.78826	-275.04449
-235.42881	265.14277
-326.99151	152.15928
-89.43841	-271.25586
